ncols         123
nrows         87
xllcorner     318375.2991
yllcorner     664097.3251
cellsize      150
NODATA_value  -9999
0 0 0 0.1269338 0.2859008 0.05631518 0.08943133 0.004919631 0 0.03470752 0.3062398 0.353062 0.2316509 0.2651325 0.4205337 0.4050183 0.2024599 0.114027 0 0 0.338877 0.9125694 0.8955239 0.8285384 0.09877881 0 0 0 0.1815464 0.05926408 0 0 0.1135684 0.3686536 0.2387433 0.3047025 0.1084196 0.1256754 0.08423165 0.2341925 0.2152245 0.1974097 0.154552 0.002367958 0 0.003595398 0.01568446 0.0694671 0.1434759 0.03154999 0 0.009697189 0.05403936 0.7017093 0.3101882 0 0.4933599 0.5778616 0.1962012 0.3824094 0.6271723 0.05116428 0 0 0 0 0 0 0 0 0 0 0 0 0 0 0 0 0 0 0 0 0 0 0 0 0 0 0 0 0 0 0 0 0 0 0 0 0 0 0 0 0 0 0 0 0 0 0 0 0 0 0 0 0 0 0 0 0 0 0 0 0 
0 0 0 0.5404615 0.8414224 0.2334839 0.007269115 0.08362322 0.08684739 0.1389693 0.2004066 0.09963983 0.1056915 0.8777891 0.9328072 0.9269278 0.8398998 0.9026763 0.7047371 0.6764358 0.9203507 0.9273099 0.3606391 0.2908156 0.5961097 0.1026282 0.3196783 0.1851247 0.05283985 0 0 0.001000258 0.163381 0.4793508 0.4462334 0.7145817 0.494542 0.4274551 0.2024924 0.5592534 0.4864523 0.5657458 0.4867656 0.3846799 0.5443441 0.5371643 0.5959607 0.5178319 0.3753347 0.2749051 0.2752644 0.2513003 0.1045775 0 0 0.01082738 0.4945921 0.6593497 0.3283036 0.7380689 0.2383144 0 0 0 0 0 0 0 0 0 0 0 0 0 0 0 0 0 0 0 0 0 0 0 0 0 0 0 0 0 0 0 0 0 0 0 0 0 0 0 0 0 0 0 0 0 0 0 0 0 0 0 0 0 0 0 0 0 0 0 0 0 0 
0 0 0 0.7124915 0.8012955 0.7161233 0.1949045 0 0 0 0 0 0 0.8103755 1 0.9480524 0.9678187 0.7627032 0.3306803 0.4769514 0.9811522 0.9837232 0.09101512 0.2479448 0.4208455 0.6300635 0.04988184 0 0 0.1192713 0.2998444 0.3794185 0.3828355 0.4062324 0.4217215 0.3871861 0.5903024 0.6030583 0.5142788 0.9565402 0.7899472 0.5647466 0.5318604 0.6400105 0.7061322 0.5298166 0.4857408 0.5783825 0.5779378 0.5640276 0.5085371 0.3736692 0.2721201 0.1289103 0.01390194 0.001289269 0.1272711 0.3440169 0.4292428 0.2625269 0.7163696 0.4662487 0.4026691 0.004160831 0 0 0 0 0 0 0 0 0 0 0 0 0 0 0 0 0 0 0 0 0 0 0 0 0 0 0 0 0 0 0 0 0 0 0 0 0 0 0 0 0 0 0 0 0 0 0 0 0 0 0 0 0 0 0 0 0 0 0 
0 0.003637032 0.2286753 0.6151401 0.5730504 0.4296654 0.4806369 0.01993532 0 0 0 0 0 0.6690404 1 0.8727511 1 1 0.9919823 1 0.9645993 0.7884812 0.3854168 0.2091699 0.3543906 0.5023613 0.2650482 0.427821 0.4568831 0.5066402 0.403457 0.3448288 0.3668041 0.2786997 0.09149781 0.2362536 0.5690652 0.6145015 0.557132 0.8153256 0.6441458 0.7450448 0.5546042 0.6758848 0.6648069 0.4777558 0.4139805 0.3084547 0.2759261 0.4479478 0.4861919 0.3368944 0.4343622 0.3256935 0.1594362 0.09374905 0.02823837 0.1546172 0.2722724 0.1538614 0.0270879 0.4737536 0.3044268 0.477117 0.09747878 0 0 0 0 0 0 0 0 0 0 0 0 0 0 0 0 0 0 0 0 0 0 0 0 0 0 0 0 0 0 0 0 0 0 0 0 0 0 0 0 0 0 0 0 0 0 0 0 0 0 0 0 0 0 0 0 0 0 
0.3175588 0.3812325 0.5932737 0.6396742 0.4958094 0.443938 0.07057047 0.08043484 0.1788926 0 0 0 0 0.4900492 1 0.9815064 1 1 1 0.729035 0.6105655 0.4463987 0.3169959 0.316208 0.5666 0.4708509 0.5546387 0.6324931 0.5093269 0.4320575 0.5165429 0.5867692 0.5837283 0.6888378 0.6861365 0.6357883 0.6938061 0.6122066 0.6277597 0.3712971 0.7139686 0.550582 0.4883197 0.3583405 0.5901971 0.6470777 0.4391834 0.6931804 0.71575 0.6100183 0.4245059 0.4309963 0.3695886 0.2103694 0.3606913 0.4725674 0.3014151 0.4544484 0.1105697 0.09874237 0.05052453 0 0 0.003365094 0.02420007 0 0 0 0 0 0 0 0 0 0 0 0 0 0 0 0 0 0 0 0 0 0 0 0 0 0 0 0 0 0 0 0 0 0 0 0 0 0 0 0 0 0 0 0 0 0 0 0 0 0 0 0 0 0 0 0 0 0 
0.2253555 0.3372182 0.5810381 0.6670511 0.6220982 0.6784139 0.3723724 0.7208468 0.816663 0.213392 0 0 0 0.01855035 0.4018632 0.838504 1 0.8929815 0.725747 0.4501566 0.3963654 0.4657833 0.3519574 0.08392891 0.249969 0.4579975 0.5928655 0.2960321 0.3316664 0.5141522 0.6592126 0.6772953 0.679473 0.7321297 0.7606665 0.3619754 0.5845013 0.6127145 0.7521628 0.5808327 0.5549423 0.4426491 0.4757439 0.5908771 0.7951468 0.8633321 0.6460614 0.3551374 0.4838907 0.566456 0.4540462 0.2223798 0.2770991 0.6953312 0.4269302 0.2459852 0.2091387 0.3341228 0.06532253 0.1367801 0.06550866 0.012278 0 0 0 0 0 0 0 0 0 0 0 0 0 0 0 0 0 0 0 0 0 0 0 0 0 0 0 0 0 0 0 0 0 0 0 0 0 0 0 0 0 0 0 0 0 0 0 0 0 0 0 0 0 0 0 0 0 0 0 0 0 
0.6024141 0.6747796 0.5576946 0.6459062 0.8221816 0.892876 0.9802998 1 1 0.9729248 0.3922547 0.3319529 0.6902131 0.5057142 0.000674338 0.3906965 0.5716259 0.6266975 0.5609685 0.3967702 0.5335695 0.3040184 0.4833565 0.1540972 0.2583847 0.4508834 0.416304 0.3259076 0.4632857 0.5353593 0.5395577 0.5851206 0.5338391 0.2099519 0.2168587 0.4080049 0.6676361 0.5789993 0.7468157 0.569826 0.5585479 0.3017289 0.3722386 0.4877612 0.544637 0.5037853 0.5439689 0.5043949 0.6449608 0.4436642 0.4133796 0.2001877 0.02470788 0.3360021 0.1784106 0.09961712 0.2157074 0.3290266 0.1438848 0.3981423 0.3197635 0.006475257 0 0.1002753 0.01285518 0 0 0 0 0 0 0 0 0 0 0 0 0 0 0 0 0 0 0 0 0 0 0 0 0 0 0 0 0 0 0 0 0 0 0 0 0 0 0 0 0 0 0 0 0 0 0 0 0 0 0 0 0 0 0 0 0 0 
0.4857363 0.6441201 0.696444 0.7352384 0.977105 1 0.992611 1 1 1 1 0.8183832 0.9081025 0.8010029 0.2604147 0.6145986 0.6271077 0.6636195 0.6196229 0.6805272 0.4596168 0.6192896 0.2244589 0.0432451 0.2950677 0.6140635 0.8421977 0.378065 0.4799111 0.3521454 0.08156092 0.4938774 0.4377314 0.1775538 0.1383377 0.3268663 0.6841752 0.4956999 0.665811 0.4839167 0.5129855 0.156865 0.3864912 0.7105302 0.7827392 0.4684176 0.6669293 0.4103706 0.5522898 0.5669138 0.3525378 0.1047443 0.3642618 0.0733657 0.1109359 0.03993289 0.1343687 0.2765678 0.4337967 0.7750044 0.896446 0.4513602 0.1392932 0.1021241 0.180843 0.04586214 0.001548919 0 0 0 0 0 0 0 0 0 0 0 0 0 0 0 0 0 0 0 0 0 0 0 0 0 0 0 0 0 0 0 0 0 0 0 0 0 0 0 0 0 0 0 0 0 0 0 0 0 0 0 0 0 0 0 0 
0.4685652 0.7168695 0.6816035 0.5701168 0.752464 1 0.9974564 1 1 1 0.9616659 0.6279772 0.7793622 0.9215457 0.5895411 0.6626328 0.5267465 0.6642246 0.6227579 0.5802785 0.4717049 0.2745056 0.4734614 0.6348385 0.3194286 0.3812325 0.6622599 0.3901625 0.4214153 0.528172 0.1780659 0.0108563 0.01007283 0.1992475 0.3216526 0.4297031 0.7024225 0.6345264 0.8246652 0.504591 0.7778519 0.8657337 0.2882385 0.8935544 0.8947678 0.6785195 0.5852693 0.03897111 0.40957 0.5236338 0.1148337 0.0541185 0.04315915 0.2577772 0.1802412 0.0001619089 0.2190465 0.04084781 0.2475439 0.8741277 0.9277542 0.8041853 0.8001878 0.7845946 0.7765337 0.6048748 0.6412476 0.1501289 0 0 0 0 0 0 0 0 0 0 0 0 0 0 0 0 0 0 0 0 0 0 0 0 0 0 0 0 0 0 0 0 0 0 0 0 0 0 0 0 0 0 0 0 0 0 0 0 0 0 0 0 0 0 0 
0.519007 0.5242354 0.6099765 0.7994823 0.966162 1 1 1 1 0.9548682 0.4764356 0.2391995 0.694621 0.6148513 0.6116717 0.6445629 0.5767167 0.65008 0.7112606 0.6640967 0.2870409 0.2470399 0.2435191 0.8336318 0.780068 0.3909688 0.5093521 0.47422 0.4083411 0.1575156 0.000954776 0.00145195 0.82073 0.8952307 0.7626399 0.7700394 0.8055459 0.7587981 0.7074021 0.4922876 0.8246558 0.7739111 0.4810159 0.7491365 0.5438613 0.7576574 0.8111447 0.6273341 0.97351 0.8870034 0.5961983 0.3379865 0.4569006 0.9116198 0.5884225 0.2544064 0.1010941 0.179566 0.1315751 0.3215546 0.4836538 0.4034744 0.4232185 0.4541234 0.4901316 0.5019894 0.8213799 0.7539467 0.1472707 0 0 0 0 0 0 0 0 0 0 0 0 0 0 0 0 0 0 0 0 0 0 0 0 0 0 0 0 0 0 0 0 0 0 0 0 0 0 0 0 0 0 0 0 0 0 0 0 0 0 0 0 0 0 
0.4052414 0.6088935 0.7634949 0.999923 1 1 0.845983 0.7442167 0.8447138 0.7698487 0.7582357 0.5751532 0.6569949 0.6565641 0.2450697 0.4610642 0.5552153 0.5234667 0.5760213 0.5077842 0.1457412 0.5770051 0.7965873 0.3096374 0.4266373 0.4796968 0.4467021 0.6097476 0.5364868 0.3049084 0.5379791 0.05524375 0.216567 0.259107 0.1475141 0.1770069 0.5652537 0.8645684 0.950833 0.6614499 0.7360821 0.579649 0.2123094 0.4680337 0.5874827 0.7246415 0.7919477 0.5857309 0.6153982 0.2462925 0.4407528 0.8443049 0.7061778 0.6521487 0.2527659 0.2151747 0.08076107 0.1612673 0.2288049 0.1984526 0.4896392 0.4394977 0.3895027 0.3402883 0.5103926 0.5663853 0.6231953 0.4048699 0.1012852 0.2754824 0.06740363 0 0 0 0 0 0 0 0 0 0 0 0 0 0 0 0 0 0 0 0 0 0 0 0 0 0 0 0 0 0 0 0 0 0 0 0 0 0 0 0 0 0 0 0 0 0 0 0 0 0 0 0 
0.7535319 0.9905298 1 1 1 1 0.9850376 0.9628811 0.881718 0.5925942 0.4410087 0.7690938 0.7376747 0.6029065 0.2812619 0.4412429 0.4140979 0.6368379 0.6997011 0.5269396 0.5873368 0.6962475 0.7051939 0.7462772 0.6209238 0.7169958 0.693429 0.6290789 0.6952808 0.489601 0.6247691 0.4175016 0.5220203 0.719441 0.8354736 0.3006311 0.8732214 0.8071342 0.8586248 0.7771981 0.9255663 0.9152808 0.8263717 0.6559084 0.6645963 0.7677777 0.262302 0.003421128 0.1089638 0.3999392 0.06116627 0.2402669 0.5365102 0.4472722 0.3383863 0.134475 0.2593141 0.3097784 0.3082472 0.327698 0.5538786 0.4509365 0.3871864 0.3575289 0.439074 0.5613898 0.6873789 0.3839573 0.9066153 0.9167094 0.8265395 0.2732725 0 0 0 0 0 0 0 0 0 0 0 0 0 0 0 0 0 0 0 0 0 0 0 0 0 0 0 0 0 0 0 0 0 0 0 0 0 0 0 0 0 0 0 0 0 0 0 0 0 0 0 
0.6957984 0.9613021 1 1 1 0.9523937 0.8218524 0.8213453 0.7212217 0.9086914 0.4241073 0.9804201 0.9775059 0.9551747 0.7248083 0.5542196 0.6258641 0.5426502 0.6530754 0.7097089 0.6716771 0.7448712 0.7956199 0.6987972 0.3763813 0.6843884 0.6419697 0.6988775 0.724672 0.3818117 0.5428863 0.4861194 0.8359633 0.7799233 0.3448855 0.3027804 0.4389854 0.4520089 0.9905152 0.8111044 0.6318576 0.9137923 0.8631251 0.8032715 0.6157107 0.6761519 0.3381506 0.1032325 0.2772303 0.3031962 0.1035578 0.02481015 0.4227205 0.3769855 0.3226648 0.279113 0.3905632 0.3979309 0.3698539 0.752795 0.783228 0.3466702 0.6179666 0.3961693 0.6512671 0.6214729 0.7331678 0.6834882 1 0.9830391 0.9619501 0.8413715 0.5776027 0.2847258 0 0 0 0 0 0 0 0 0 0 0 0 0 0 0 0 0 0 0 0 0 0 0 0 0 0 0 0 0 0 0 0 0 0 0 0 0 0 0 0 0 0 0 0 0 0 0 0 0 
0.7226644 0.4326768 0.5520363 0.5843023 0.7256675 0.6636593 0.6402746 0.7287821 0.6237285 0.9129437 0.8314248 0.6768954 0.8582783 0.8292927 0.5603676 0.2811666 0.3395332 0.6723535 0.6637558 0.6879929 0.6460232 0.6990169 0.7448177 0.7572492 0.7015945 0.5714154 0.3696081 0.8169573 0.4915802 0.0120582 0.06916956 0.02534902 0.6809989 0.9318056 0.640524 0.779414 0.5729093 0.7233199 0.9073747 0.9847961 0.6900062 0.7668432 0.766328 0.5845112 0.1472617 0.3720424 0.1314065 0.2642631 0.4753256 0.4528147 0.3845572 0.1692036 0.1752482 0.2134415 0.2520006 0.201732 0.4514226 0.3536745 0.8639896 0.2736263 0.4285734 0.3859459 0.3512173 0.4766904 0.487874 0.7345115 0.6446758 0.703739 1 1 1 0.880827 0.6885567 0.5473526 0 0 0 0 0 0 0 0 0 0 0 0 0 0 0 0 0 0 0 0 0 0 0 0 0 0 0 0 0 0 0 0 0 0 0 0 0 0 0 0 0 0 0 0 0 0 0 0 0 
0.7575077 0.1924688 0.5777968 0.4185612 0.6314113 0.6549812 0.715968 0.6586045 0.6185067 0.63644 0.6499535 0.5461586 0.5161271 0.9338707 0.6835681 0.5176882 0.6109663 0.6073979 0.5152203 0.4301732 0.6278081 0.5275909 0.70606 0.7333322 0.7999226 0.651874 0.6575121 0.3626848 0.4705527 0.3771874 0 0.006657223 0.3013887 0.8044116 0.7532991 0.7474058 0.6956525 0.8745087 0.8852393 0.5697719 0.5240819 0.5897474 0.4442132 0.2528208 0.1273743 0.3565593 0.1223442 0.3210383 0.4184473 0.4478972 0.251415 0.2258128 0.3234172 0.1041216 0.1677323 0.1722061 0.1298342 0.2108684 0.6129873 0.3697389 0.01304653 0.6528767 0.4230923 0.4236092 0.4772511 0.5262154 0.613021 0.5591028 0.7682337 1 1 0.9455511 0.5927945 0.6755677 0.2288557 0 0 0 0 0 0 0 0 0 0 0 0 0 0 0 0 0 0 0 0 0 0 0 0 0 0 0 0 0 0 0 0 0 0 0 0 0 0 0 0 0 0 0 0 0 0 0 0 
0.6423714 0.5196177 0.7379051 0.6520622 0.7562321 0.5615357 0.6523877 0.5709648 0.4615656 0.629635 0.7095671 0.6978093 0.8713971 0.9907233 0.7857513 0.6638817 0.5777147 0.6630803 0.7470039 0.6979868 0.6783648 0.5476202 0.4835904 0.5662848 0.5254891 0.6186367 0.6903077 0.4198469 0.3353561 0.5955855 0.6235997 0.6191325 0.5356718 0.6654168 0.4348906 0.05818873 0.05126989 0.3999669 0.9255716 0.8377585 0.6816899 0.5235374 0.2179234 0.1163858 0.1615992 0.2184106 0.518316 0.3985648 0.3029236 0.4846047 0.05614232 0.1077302 0.3422256 0.2466409 0.1513985 0.2192297 0.3130888 0.1474534 0.1549006 0.1676654 0.0841698 0.9392099 0.3505743 0.07348483 0.4824869 0.4083535 0.4043151 0.540664 0.5775446 0.7153875 1 0.9172521 0.6214181 0.62783 0.5728071 0.1195497 0.0003982627 0 0 0 0 0 0 0 0 0 0 0 0 0 0 0 0 0 0 0 0 0 0 0 0 0 0 0 0 0 0 0 0 0 0 0 0 0 0 0 0 0 0 0 0 0 0 
0.1443059 0.3836625 0.7276014 0.6353368 0.62961 0.3069178 0.4557902 0.635875 0.6741588 0.8050697 0.6222022 0.6914763 0.8070809 0.9624008 0.9455974 0.6160413 0.6217394 0.6800247 0.653248 0.6607205 0.6818761 0.7055225 0.7007164 0.4380525 0.4962414 0.5727913 0.5730149 0.0162155 0.1032261 0.629998 0.5121035 0.1873063 0.2406293 0.7514994 0.1455969 0.1058758 0.4127006 0.3344753 0.4188155 0.3206389 0.4405546 0.3358016 0.2372572 0.1568964 0.1604879 0.2104382 0.2617762 0.4355501 0.4318379 0.2560692 0.1129718 0.3228408 0.1533311 0.3044808 0.3304375 0.3757319 0.5336146 0.1956143 0.2231827 0.03210538 0.045195 0.7771245 0.721566 0.362424 0.4183643 0.4374582 0.2274956 0.3094324 0.2998968 0.618184 0.5653053 0.522456 0.6542422 0.6248485 0.7564919 0.5207018 0.09194928 0 0 0 0 0 0 0 0 0 0 0 0 0 0 0 0 0 0 0 0 0 0 0 0 0 0 0 0 0 0 0 0 0 0 0 0 0 0 0 0 0 0 0 0 0 0 
0.7209855 0.5785797 0.5158189 0.4681243 0.7434634 0.8097547 0.792362 0.6875562 0.8537776 0.8629016 0.6337533 0.5000586 0.8365126 0.9792238 0.9917869 0.7161381 0.5145646 0.5470124 0.6823336 0.6632978 0.650763 0.7460043 0.6690547 0.6702328 0.4799264 0.2943984 0.4407203 0.03003947 0.168277 0.5817865 0.5731589 0.4693232 0.6479461 0.5743908 0.5036744 0.1989614 0.2271384 0.4502122 0.2811683 0.2023313 0.3410351 0.3974967 0.2842641 0.4402528 0.2850032 0.2908835 0.3280866 0.3726768 0.3441293 0.2202561 0.2835347 0.1537567 0.2846336 0.3933294 0.4510152 0.46149 0.3061997 0.3079899 0.3792068 0.001724591 0 0.1211074 0.1360165 0.4879939 0.6117713 0.5992563 0.3955935 0.4444675 0.640029 0.629572 0.6702703 0.6309854 0.6242537 0.608288 0.6505967 0.5867608 0.4260646 0.07085134 0.1426748 0.04435565 0 0 0 0 0 0 0 0 0 0 0 0 0 0 0 0 0 0 0 0 0 0 0 0 0 0 0 0 0 0 0 0 0 0 0 0 0 0 0 0 0 0 0 
0.6388491 0.5146795 0.5501969 0.5180095 0.8195816 0.902873 0.4809023 0.6246402 0.8614926 0.635462 0.6008869 0.6705185 0.6241547 1 0.9739164 0.9559965 0.8616549 0.9166993 0.6967912 0.5167026 0.6086776 0.6708833 0.7593431 0.7397567 0.8044224 0.6225511 0.4313738 0.2605773 0.5182323 0.5629667 0.6179796 0.6652911 0.6126684 0.6149855 0.5665364 0.1499681 0.2442423 0.4595963 0.3176782 0.5357427 0.4371451 0.4330988 0.3598782 0.4276905 0.294026 0.278273 0.3962145 0.5771211 0.2349553 0.1603004 0.04058672 0.07731828 0.5484985 0.6653234 0.6845114 0.5912303 0.3936202 0.1781107 0.132034 0.09477273 0.06207573 0.1154754 0.7373999 0.3701585 0.7548562 0.569427 0.1650735 0.4349111 0.4143486 0.4375863 0.5343219 0.6594888 0.6297998 0.5898527 0.4767948 0.4477576 0.2339552 0.1271805 0.324204 0.2371792 0.0518329 0 0 0 0 0 0 0 0 0 0 0 0 0 0 0 0 0 0 0 0 0 0 0 0 0 0 0 0 0 0 0 0 0 0 0 0 0 0 0 0 0 0 
0.5493469 0.4234205 0.3921047 0.5078482 0.631236 0.680523 0.642979 0.6393197 0.5430091 0.5169712 0.5242164 0.5718158 0.5605783 1 0.9849533 0.9731123 1 0.9786037 0.7972829 0.9325647 0.8876448 0.8475575 1 0.9404135 0.755641 0.6810175 0.6358939 0.7256313 0.5960091 0.7089151 0.6914623 0.4833713 0.3686438 0.255292 0.2394538 0.3242738 0.1569488 0.1857047 0.1898301 0.4838417 0.7946252 0.5142204 0.3396124 0.4663476 0.4875056 0.5020846 0.4001182 0.1980626 0.08635028 0.0141606 0 0.5748805 0.7598606 0.829199 0.8914334 0.5345073 0.463278 0.04965083 0.1802358 0.2525528 0.3321855 0.169302 0.1768326 0.1594627 0.1941404 0.02543037 0.196885 0.3622121 0.1633694 0.10149 0.3275133 0.4556721 0.2445585 0.4363516 0.4505831 0 0 0.07951313 0.2111091 0.5365053 0.3218769 0.2310626 0.008544746 0 0 0 0 0 0 0 0 0 0 0 0 0 0 0 0 0 0 0 0 0 0 0 0 0 0 0 0 0 0 0 0 0 0 0 0 0 0 0 0 
0.4487293 0.3846817 0.3567842 0.5143135 0.5225732 0.5565937 0.6462111 0.5842921 0.4812138 0.639311 0.6192464 0.6545125 0.485109 0.75515 0.9800868 0.9562302 1 1 1 0.99971 1 0.9116748 0.5687847 0.4348729 0.6712298 0.7045116 0.6206223 0.5726006 0.6750001 0.6385735 0.6236267 0.6128312 0.5722183 0.303651 0.1351157 0.6386307 0.5810273 0.6606632 0.5561488 0.6234508 0.7330294 0.3296279 0.2442658 0.3632193 0.1312757 0.09724862 0.03893412 0.1570854 0.2497084 0.0005957108 0.06681038 0.366174 0.4809083 0.451506 0.4366109 0.3887279 0.2565809 0.3947452 0.4021117 0.7229579 0.9380169 0.8749216 0.6468239 0.5137807 0.471515 0.3477598 0.2322423 0.25761 0.2662546 0.2039111 0.5838508 0.7497963 0.5461019 0.273103 0.3977617 0.007621897 0 0.04902802 0.0179352 0.2466768 0.3650299 0.3508807 0.3087125 0.07981562 0 0 0 0 0 0 0 0 0 0 0 0 0 0 0 0 0 0 0 0 0 0 0 0 0 0 0 0 0 0 0 0 0 0 0 0 0 0 0 
0.2902102 0.265126 0.09052409 0.8031763 0.6808678 0.4810698 0.5872748 0.6578603 0.6266523 0.1117946 0.007475363 0.6755422 0.620542 0.874818 0.993912 0.9549474 0.9770673 1 1 0.9806746 1 0.7001089 0.4892753 0.8410679 0.9770501 0.5022411 0.3731207 0.6756946 0.6993091 0.7078294 0.6333643 0.6672424 0.6022948 0.6074314 0.3027152 0.5775596 0.5851293 0.4912815 0.3497681 0.4348983 0.4568346 0.2775958 0.2323567 0.08474461 0.007456824 0 0.01355146 0.2078267 0.1740896 0 0.002213463 0.02551674 0 0.3117255 0.3213043 0.1661159 0.1370227 0.7939332 0.9794243 1 0.9690042 0.8625277 0.9438621 0.9943053 0.8747548 0.5252616 0.4285947 0.371428 0.4230867 0.5982792 0.5408025 0.4759063 0.6696362 0.6080265 0.4342727 0.0447628 0 0.005794466 0.06592482 0.5047323 0.2584281 0.3456608 0.5231355 0.4925417 0.08786946 0 0 0 0 0 0 0 0 0 0 0 0 0 0 0 0 0 0 0 0 0 0 0 0 0.0003216461 0.0001581943 0 0.08555565 0.1648151 0.1965999 0 0 0 0 0 0 0 0 
0.5896744 0.458516 0.3676446 0.630302 0.633112 0.577197 0.6835127 0.8853162 0.6384406 0.02122673 0.009467234 0.6714845 0.7925115 0.9332247 0.9447276 0.9605805 0.9565331 0.9627647 0.9687588 0.9446241 0.923834 0.6576973 0.3749045 0.8515932 0.7982688 0.5824808 0.5661601 0.5766379 0.5396221 0.4370555 0.6416245 0.5698602 0.6022434 0.4363503 0.6993632 0.6468336 0.3959992 0.1348332 0.3253801 0.3010413 0.238359 0.1742787 0.1964341 0.1251166 0.3347763 0.4330804 0.4660225 0.5549662 0.2106303 0 0.08796822 0.09595371 0.1119233 0.1262277 0.08257657 0.1406687 0.5354395 0.6842209 0.8997813 0.8946255 0.9310709 0.9883074 1 1 0.9982086 0.9480065 0.6740278 0.6185794 0.5074199 0.4073581 0.600775 0.4484412 0.629299 0.60844 0.5627546 0.7163444 0.1919876 0.2570348 0.666791 0.5912335 0.4402454 0.3442783 0.3978603 0.3941078 0.4882734 0.3105943 0.01078919 0 0 0 0 0 0 0 0 0 0 0 0 0 0 0 0 0 0 0 0 0 0.004275821 0.007808116 0 0 0.07986151 0 0.07060436 0.131424 0.1945812 0.09418822 0 0 0 0 0 
0.6706786 0.5714354 0.3828394 0.6303272 0.6794264 0.615494 0.7055824 0.8043528 0.5437518 0.375083 0.4245649 0.6256874 0.6651061 0.5167827 0.9799141 0.9074358 0.9166998 0.9415331 0.9224898 0.9411014 0.9237851 0.9575407 0.9403709 0.8019459 0.634997 0.6893358 0.7286109 0.5763174 0.3218187 0.52113 0.5883366 0.2416984 0.6749182 0.6635051 0.402986 0.5036121 0.5183803 0.2579473 0.3576484 0.1831737 0.195857 0.1027717 0.3174845 0.5416147 0.5926258 0.7634482 0.7837548 0.2690309 0.107283 0.1250775 0.008144705 0.05675569 0.1472579 0.03965225 0.1181684 0.3713349 0.8212321 0.9604443 1 0.9787784 1 1 1 1 1 0.9707311 0.6821071 0.6525484 0.7031575 0.6039134 0.6465701 0.592468 0.5621076 0.572304 0.4699694 0.6686856 0.9039898 0.9209249 0.2374723 0.3484007 0.4073322 0.2881919 0.3883788 0.3996667 0.6255887 0.2229535 0.3346072 0.09944656 0 0 0 0 0 0 0 0 0 0 0 0 0 0 0 0 0 0 0 0 0.07948817 0.00206103 0 0 0.07244604 0.04382259 0.1794556 0.2931252 0.07665721 0.06208597 0.1647609 0.488455 0.1713797 0.06296665 0.06230972 
0.4688775 0.7150424 0.5508386 0.6236126 0.6484381 0.3451777 0.6207835 0.6635232 0.6736209 0.7194443 0.6470723 0.6246927 0.5617955 0.5746323 0.7106403 0.921569 0.9272659 0.8907803 0.9389906 0.9795737 1 0.9110133 0.8384783 0.5850118 0.5999376 0.6406135 0.5741853 0.5342211 0.4306522 0.4757454 0.2220929 0.7281452 0.6861812 0.3634153 0 0.2550347 0.4852307 0.4902646 0.3779644 0.2483532 0.2337834 0.1915648 0.1056422 0.3225006 0.3879921 0.3365242 0.4536219 0.02775494 0.05157742 0.03136936 0.01849411 0.01374828 0.07763872 0.1767867 0.5078341 0.91644 1 1 1 0.9986002 1 1 1 1 1 0.9647034 0.8071242 0.8380704 0.6970889 0.6046834 0.6596631 0.6187844 0.615885 0.5856385 0.7773993 0.6123855 0.3447801 0.3252246 0.4265262 0.2665018 0 0 0 0.1473214 0.4432418 0.5136981 0.5491773 0.3727041 0.1563276 0.002682148 0.0188379 0.06445842 0 0 0 0 0 0 0 0 0 0 0 0 0 0 0 0 0.646933 0.5832363 0.6811544 0.3062203 0.6850104 0.2612056 0.3272394 0.3396771 0.8116786 0.2768264 0.2998848 0.9873375 0.4444161 0.06947212 0.47006 
0.5010194 0.526858 0.4954916 0.5872654 0.6582373 0.6061411 0.5978181 0.5713233 0.652189 0.6364244 0.6143594 0.7196136 0.634086 0.6679286 0.6023882 0.9160842 0.7184918 0.7619939 0.9834881 0.9783052 1 0.7983111 0.5400606 0.4278867 0.4753023 0.2836832 0.6135578 0.5116131 0.5301837 0.4035371 0.4821409 0.6055477 0.5828556 0.3636363 0 0.2657702 0.2722832 0.3442831 0.2344264 0.2239107 0.08840805 0.2027958 0.1828967 0.121919 0.1023394 0.1905921 0.1528246 0.232952 0.338504 0.01053932 0 0.03570574 0.1724069 0.3250092 0.6284978 1 1 1 1 0.9993333 1 1 1 1 0.9798532 0.9538103 1 1 0.5834565 0.5116144 0.5183336 0.4245425 0.4315261 0.6482387 0.6446128 0.5845554 0.4316649 0.5962284 0.5301152 0.6704153 0.6662413 0.2319572 0.007037762 0 0.04545264 0.384279 0.5633019 0.5469568 0.5369216 0.4930272 0.5509256 0.5351473 0.500524 0.3061277 0.1984263 0 0 0 0 0 0 0 0 0 0.120527 0.4343323 0.6951484 0.7164447 0.4846924 0.4320429 0.9858984 0.9460875 0.9111413 0.3028061 0.0950386 0.5710773 1 0.9886049 0.9808796 0.9555225 0.8000765 0.747883 0.7728417 
0.8116888 0.3711176 0.7315665 0.6122452 0.6542703 0.6867602 0.6178767 0.6071849 0.5851632 0.6264247 0.6903353 0.6649982 0.6790827 0.6677887 0.4986914 0.1448042 0.2287963 0.6288654 1 1 0.8729283 0.7456474 0.6543931 0.4352612 0.254829 0.4785541 0.5818322 0.6504519 0.5920121 0.5560561 0.290104 0.4430475 0.4517498 0.4359932 0.3159139 0.0176565 0.04358647 0.06515899 0.08881071 0.06146716 0.1446989 0.1088768 0.0345697 0.1348239 0.05233587 0.02851816 0.094392 0.1928482 0.4450996 0.04772484 0.009348763 0.07422896 0.1751463 0.375075 0.9218985 1 1 1 1 1 0.9780307 0.9950584 1 1 0.9479874 1 1 1 0.8289747 0.2780948 0.3431047 0.3456134 0.5246502 0.5971408 0.6505734 0.6509743 0.6040816 0.6704257 0.5904765 0.5429411 1 1 0.8781761 0.2851636 0.1634146 0.2794536 0.4907226 0.5362547 0.6069807 0.6587755 0.6160287 0.4418415 0.5783394 0.6591752 0.4627217 0.1934055 0.2267371 0 0 0 0 0 0.03922226 0.3605293 0.9015335 0.9471285 0.9097619 0.6850839 0.6641927 0.7843947 1 1 0.9818102 0.9746906 0.9535139 0.9283181 0.7707697 0.8241538 0.9588839 0.8055735 0.6210668 0.4547449 0.1200323 
0.6174746 0.7024384 0.6199401 0.7103508 0.5611523 0.6937897 0.586196 0.5045841 0.263898 0.2973905 0.5289821 0.571273 0.6333068 0.5713544 0.4972624 0.1042697 0.2471119 0.399213 0.835503 0.7909977 0.7958427 0.4031252 0.5083188 0.5106229 0.6863663 0.6391427 0.501985 0.6013681 0.6717914 0.4646304 0.3622032 0.1824481 0.4442041 0.3264666 0.1687471 0.13244 0.1234827 0.2453166 0.2983126 0.1401239 0.2686157 0.1053906 0.05285185 0.01016645 0.1915597 0.1179845 0.04953953 0.05465706 0.2159146 0.166295 0.1039861 0.09597885 0.03428281 0.2022473 0.8544208 0.9963673 1 1 1 1 0.9330791 0.9663986 1 1 0.8987999 1 1 1 0.6104129 0.446747 0.6254562 0.5865689 0.6399804 0.5950806 0.6115775 0.7103307 0.5743367 0.6737491 0.6325949 0.5402889 0.932453 1 0.9955344 0.4562043 0.5931606 0.239274 0.7775558 0.3991282 0.03978854 0.3943301 0.7184682 0.8021371 0.9239416 0.9028577 0.7620303 0.7576175 0.6517878 0.4034838 0.2052242 0.08637056 0.0289012 0.1926372 0.4054745 0.4110896 0.6485258 0.7239665 0.798117 0.4351565 0.4856073 0.3223962 0.5092081 0.7670019 0.7002723 0.7910589 0.9079486 1 0.8992385 0.5148227 0.5918344 0.6050221 0.1491411 0.02989655 0.1384658 
0.5824416 0.7020358 0.5163507 0.5640294 0.6126373 0.2118928 0.3787386 0.7072982 0.5653207 0.4791495 0.4894116 0.3438845 0.5331219 0.5305891 0.3360681 0.07938644 0.136 0.386085 0.7793514 0.5336532 0.544642 0.5496296 0.6333943 0.6656914 0.5945789 0.5279111 0.3145691 0.2200921 0.2563774 0.1476379 4.264685e-05 0 0.009552311 0.244466 0.199586 0.3526146 0.2668434 0.2881787 0.1230341 0.02402569 0.05109828 0.196389 0.08736481 0.1827425 0.2644957 0.3392119 0.07996905 0.166091 0.3302667 0.4641409 0.1928183 0.158096 0.3023894 0.1722942 0.3107205 0.8941298 0.9526297 0.9753823 0.9974874 0.9962593 0.9863403 0.9907253 1 1 0.9605498 0.9817715 0.9993004 0.9043456 0.6499984 0.7334552 0.8999053 0.9664056 0.9257535 0.6487372 0.6801143 0.6714636 0.6217802 0.607904 0.5816697 0.4078284 0.6695312 0.7439192 0.6700983 0.5768439 0.5186706 0.2806072 0.3863703 0.1958246 0.0277789 0.5082852 0.4502942 0.5863271 0.1168701 0.0850481 0.5216113 0.187128 0.3116712 0.5684596 0.5627108 0.4655584 0.342332 0.3664601 0.3109992 0.2926906 0.2667073 0.3780194 0.4880255 0.3500327 0.3469296 0.5071135 0.6939011 0.9588614 0.7175655 0.5413768 0.4831383 0.5858316 0.730077 0.4775248 0.6597928 0.4883172 0.005095752 0.01156835 0 
0.4175328 0.7269492 0.7176711 0.9973218 0.465847 0.03154454 0.204588 0.516544 0.4910448 0.3424067 0.4574826 0.6356114 0.3087797 0.3948514 0.5220101 0.4955109 0.5699425 0.8585005 0.9270593 0.9368799 0.7573816 0.5433246 0.5808383 0.5340908 0.6416538 0.7708955 1 0.4550131 0.1171339 0 0 0 0.07879642 0.4631105 0.3889315 0.2489887 0.3360242 0.04921195 0.0186921 0.01830282 0.2157157 0.3455676 0.234211 0.1902101 0.3906441 0.7765997 0.9707373 0.9804687 0.9339625 0.8215248 0.6749992 0.2297982 0.247251 0.2067751 0.1213355 0.434793 0.6260023 0.7985581 0.9565488 0.9481756 1 1 1 0.9513734 0.9656616 0.9004006 0.6614728 0.6604369 0.4215759 0.8788945 1 0.9991108 0.9990179 0.9570713 0.64806 0.6170787 0.5538782 0.5505465 0.6394464 0.6650081 0.5684907 0.4950685 0.4763803 0.4876914 0.5114122 0.3695774 0.3347251 0.3244537 0.241781 0.4307965 0.121935 0.1221406 0 0 0.5384626 0.04679413 0 0.1025243 0.7308794 0.6269441 0.1586893 0.1757553 0.4127726 0.3944493 0.2949892 0.5106348 0.369576 0.2205381 0.2116849 0.5993767 0.9065305 1 0.9762333 0.862345 0.6198705 0.5987242 0.3604042 0.3016971 0.7339023 0.9270748 0.4731042 0.176435 0.004875037 
0.7362336 0.4427829 0.7100344 0.9785103 0.7208806 0.4405771 0.4379924 0.6003914 0.6286151 0.8344833 0.7098165 0.5381687 0.6293039 0.7020707 0.6511354 0.6313639 0.7193217 0.999541 1 1 0.9530498 0.6669655 0.5768178 0.5602562 0.6456162 0.5732948 0.5750712 0.1734444 0.02461039 0.0006363953 0 0.03294848 0.2768173 0.3459822 0.4673489 0.5481089 0.1373986 0.1689349 0.1305383 0.2784793 0.6104079 0.3823372 0.2661616 0.3229555 0.9007258 0.8908268 0.8324801 0.6982474 0.8438448 0.9817295 0.9410515 0.7748879 0.1503908 0.09842495 0.2515692 0.1155928 0.03462917 0.09109858 0.798734 0.9623055 0.9491949 0.9569805 0.927247 0.9239326 0.936776 0.9644126 0.8527961 0.838333 0.1163016 0.402408 0.9212964 0.968125 0.9540554 0.9723537 0.9957525 0.7870991 0.9828508 0.9307886 0.5187417 0.550512 0.3759218 0.4809391 0.5418121 0.69778 0.6988123 0.5887599 0.2218994 0.8010195 0.7323727 0.03545048 0 0.02768477 0.08758792 0 0.3127743 0.8015407 0.1352459 0.003633158 0.6402981 0.614213 0.6552356 0.7219018 0.4790021 0.3511653 0.5821829 0.5252653 0.1399558 0.5043014 0.3795475 0.7605008 0.9962792 0.9804801 0.7869615 0.79857 0.355319 0.0506632 0 0.1728462 0.5670006 0.5901386 0.5812011 0.5323603 0.08455581 
0.703689 0.7142286 0.8520765 0.883132 0.6035933 0.3976124 0.526583 0.6937422 0.6547492 0.7164224 0.7244912 0.6273751 0.7016204 0.5191641 0.641225 0.8223941 0.9147955 1 0.9969825 0.9843068 0.9961777 0.6566707 0.5631118 0.2910657 0.4418683 0.6788772 0.1363261 0.0242962 0.003851125 0.06305454 0.3404894 0.5734807 0.3275176 0.3772452 0.3633808 0.2622286 0.2867061 0.3674189 0.3136747 0.4858918 0.3902692 0.5220255 0.5489751 0.6796089 0.6256582 0.6085694 0.5640178 0.2607605 0.429673 0.2309033 0.3813601 0.4241438 0.1179143 0.1814448 0.3722088 0.3094952 0.05785022 0 0.7370582 0.9138171 0.9184378 0.9299706 0.9670074 0.9996402 1 1 0.9998751 0.9271471 0.9808569 1 0.8651155 0.4290478 0.9632836 1 0.9992866 0.8218153 0.3818693 0.562176 0.3741264 0.5687693 0.4406266 0.7929536 0.6509569 0.7740418 0.6232197 0.160107 0.1830053 0.6078752 0.6510242 0.2965944 0.005826441 0 0.09883725 0.0001303517 0.4126107 0.9416471 0.5083063 0.5749707 0.5935085 0.6642266 0.7996652 0.6386089 0.503466 0.5268155 0.3018186 0.1612289 0.5720236 0.558817 0.4115066 0.5159115 0.6704 0.5395799 0.5242465 0.6789186 0.2066993 0 0 0.3837267 0.6785203 0.6185669 0.3972977 0.06020694 0.3785376 
0.4269657 0.376588 0.5431789 0.3250351 0.4709178 0.6674389 0.5921556 0.5409046 0.6737565 0.5686572 0.6210927 0.6487891 0.5814596 0.7848768 0.728744 0.679933 0.7734511 1 0.9994121 1 0.9260769 0.6927816 0.4510822 0.6153642 0.441303 0.5335415 0.5124636 0.2719605 0.2403892 0.09299243 0.229877 0.3327181 0.5896237 0.8041378 0.3046461 0.3149738 0.461145 0.358142 0.5229315 0.5917328 0.3964292 0.2985438 0.5208789 0.6948206 0.2112804 0.3630941 0.4208368 0.3011658 0.432831 0.439042 0.4190303 0.5128199 0.2503627 0.2347312 0.4434171 0.4648629 0.317427 0.2120108 0.7808961 1 1 0.9918664 0.9768538 0.948522 0.9446153 0.9531289 0.9880667 0.9053503 0.8454708 1 0.9145606 0.7966084 0.9764994 1 0.9989969 0.7167947 0.349573 0.6388483 0.779766 0.9570944 0.5764986 0.5125727 0.5568168 0.7095828 0.08438538 0 3.700164e-07 0.5587638 0.7201981 0.5749342 0.07425385 0 0.01191467 0.3137245 0.2014417 0.3950768 0.5276597 0.6026608 0.4781697 0.5127378 0.6592454 0.6498194 0.7215953 0.4475789 0.07422612 0.06665432 0.3047909 0.4542461 0.4889564 0.8259414 0.7850294 0.5010484 0.6652581 0.6591146 0.4642242 0.07419537 0.0208232 0.02774941 0.3773495 0.2661165 0.249313 0.2573265 0.7784599 
0.2154578 0.3299612 0.3988744 0.3670524 0.4986886 0.4872307 0.5863653 0.5201976 0.6287739 0.5245021 0.6662235 0.6834629 0.683833 0.8735489 0.6728996 0.7178075 0.6260375 0.9533169 0.8148602 0.6121895 0.6523508 0.5870398 0.5803348 0.736993 0.9920257 0.5005586 0.3759437 0.09640075 0.02617399 0.06012575 0.1522805 0.2653666 0.4836329 0.2483012 0.4949634 0.7308569 0.4876938 0.621766 0.6476968 0.6560464 0.4515354 0.1960619 0.6433918 0.7058241 0.05246096 0.2992056 0.3822894 0.4326938 0.6332966 0.6378961 0.5639879 0.6191851 0.5934998 0.1332026 0.6023192 0.6223141 0.2355421 0.376425 0.3978967 0.7462825 0.7142783 0.8987061 0.8031268 0.9889271 1 0.9894785 0.9415169 0.87652 0.5552456 0.7226775 0.8858184 0.6574311 0.7297418 0.8875895 0.9173502 0.5829713 0.5283155 0.6349815 0.6683086 0.6226174 0.4391198 0.3573338 0.3070045 0.2915821 0.05554525 0 0 0.07914851 0.5289655 0.1931573 0.1162296 0.1407136 0.3516812 0.7388387 0.4311277 0.4969947 0.6929259 0.5967864 0.5511106 0.6022832 0.5400546 0.5994301 0.7964821 0.3140492 0.6151258 0.8321015 0.7905899 0.866568 0.7495754 0.8235251 0.9420896 0.8116357 0.5860175 0.71416 0.6297915 0.1534754 0.006410832 0.003489186 0.1264424 0.1638663 0.4088984 0.6295121 0.6054112 
0.002128326 0.05668885 0.1951377 0.3552182 0.3798427 0.5258437 0.9911861 0.8123301 0.406896 0.472257 0.6477624 0.6640815 0.6236489 0.5805963 0.5966979 0.4441713 0.4285705 0.7275146 0.641792 0.6555166 0.7310176 0.591023 0.8109143 0.8940997 0.7351277 0.5898059 0.2817792 0.1035281 0.3763277 0.1958913 0.2136936 0.141762 0.4305407 0.6490579 0.7647436 0.6365194 0.7010224 0.6860524 0.568551 0.4648123 0.4519152 0.4866638 0.647413 0.6572487 0.4304404 0.2464266 0.3668832 0.2635719 0.6847956 0.6169173 0.6840163 0.6820282 0.621257 0.1982594 0.3427818 0.5505102 0.4762586 0.5338582 0.4895302 0.6283258 0.6387559 0.6286767 0.9702497 0.9850963 1 1 0.9998518 0.4939238 0.01515165 0.2430776 0.01818885 0.01981239 0 0.2115044 0.4507955 0.3872935 0.4242912 0.5791692 0.4616511 0.5506149 0.4104605 0.454846 0.5380479 0.2946321 0 0 0 0 0.09273253 0.2640775 0.2181019 0.2683624 0.7772765 0.999827 0.7784888 0.7106075 0.7174625 0.6527587 0.7505288 0.5918374 0.6419984 0.5817693 0.8045734 0.2068178 0.3682775 0.5907993 0.7903815 0.7270929 0.6717778 0.7073455 0.68018 0.7001486 0.7152176 0.5349493 0.2947039 0 0.1479072 0.2076475 0.01617586 0.02355683 0.1415155 0.4530496 0.6432624 
0 0 0 0 0.1079188 0.1863984 0.3935122 0.9733224 0.6279466 0.5248519 0.4905755 0.5586719 0.4359804 0.4469788 0.228669 0.3495559 0.3910215 0.4801216 0.5552475 0.4281112 0.5547579 0.6978632 0.7776541 0.6014208 0.5792207 0.7025267 0.3852576 0.6371487 0.6196575 0.2782686 0.1739616 0.2564911 0.3599403 0.6804556 0.8503209 0.5832614 0.6140931 0.5582196 0.4645816 0.2834001 0.331716 0.6940225 0.6923904 0.622117 0.5175888 0.5531919 0.5786778 0.5359342 0.7475763 0.686149 0.6058584 0.5972379 0.6887879 0.4294768 0.2601273 0.5426481 0.6054963 0.6404787 0.5008788 0.4909969 0.5578965 0.5626569 0.6027379 0.6762192 0.949276 1 0.4731389 0 0.03014981 0.1487333 0 0 0 0.0108986 0.2432891 0.171296 0.2995358 0.2992117 0.2661235 0.5726465 0.3841703 0.6730807 0.5590352 0.08049602 0 0 0 0 0.07914575 0.1521658 0.5070596 0.4291627 0.9776199 1 0.9199352 0.1125611 0.5352163 0.6631904 0.5944004 0.5752113 0.545625 0.6421297 0.7474796 0.3425719 0.2630111 0.7217054 0.9867487 0.992034 0.9746545 0.7908274 0.6800642 0.7985012 0.3378131 0.2402885 0.0459347 0.07020433 0.3874632 0.2498004 0.006017315 0.2004319 0.05503781 0.5991029 0.7019201 
0.1303543 0 0 0 0.01578543 0.004326344 0.3272575 0.5050023 0.8708403 0.4857699 0.3959112 0.4551777 0.3473652 0.4343167 0.2701422 0.5373837 0.5003077 0.5332025 0.3247778 0.5562356 0.6383171 0.6552387 0.5672743 0.2988034 0.2397566 0.6073227 0.4316938 0.5405372 0.515334 0.3121052 0.1188985 0.3613424 0.4620087 0.4495915 0.6479393 0.6344759 0.4916543 0.4931775 0.506093 0.6139764 0.4370066 0.6581348 0.6355031 0.4013807 0.6077675 0.6803687 0.7572621 0.5470308 0.5453578 0.6271629 0.5729777 0.5874976 0.6504641 0.5081815 0.3728213 0.5886489 0.4849472 0.5147762 0.7181411 0.5699366 0.6943448 0.6151171 0.5420007 0.4558402 0.4960438 0.7222652 0.6001322 0.004128882 0.4807155 0.3547175 0.1029767 0.04417404 0.05005306 0 0.01749197 0.1947382 0.50532 0.6418959 0.6597549 0.930737 0.911925 0.6334223 0.4793614 0.01069551 0.06590214 0.09513935 0 0 0.2331522 0.3884122 0.2926135 0.899489 0.959073 0.6194628 0.2176277 0.001222727 0.007828005 0.215617 0.594015 0.6026226 0.6078476 0.558504 0.6305026 0.7362255 0.9238744 1 1 1 1 0.4272241 0.5179763 0.2270935 0.03726916 0.07724044 0.05683986 0 0 0.0005991294 0.04117761 0.03698569 0.1012392 0.4642536 0.6949771 
0.1192139 0 0 0 0 0 0.1758029 0.7481077 0.7069908 0.3147664 0.4618682 0.3688614 0.2091559 0.3611428 0.506829 0.6032785 0.4168138 0.6036654 0.4613047 0.5865098 0.6173901 0.3415974 0.2833827 0.3617538 0.3970493 0.2547412 0.1983715 0.4650684 0.4209563 0.03388497 0 0.242391 0.630127 0.5746409 0.3988301 0.5436679 0.530324 0.4375188 0.6304193 0.6400492 0.5848528 0.5008867 0.5418409 0.3027585 0.2711331 0.7419626 0.7454296 0.5465778 0.4653735 0.6035435 0.5977902 0.7454889 0.6049448 0.6340163 0.5184677 0.4881954 0.3285506 0.5058095 0.6472275 0.7092509 0.595269 0.3993575 0.3237869 0.3381005 0.9899541 0.924538 0.6512584 0.3856744 0.495878 0.3573031 0.4643662 0.3033206 0.3124612 0.09104807 0.1895829 0.5247847 0.4583196 0.6472379 0.5963776 0.6171424 0.8397676 0.3420408 0.1898901 0 0 0 0.01892612 0.07339051 0.4708186 0.2102507 0.05564603 0.3627672 0.05808941 0 0 0 0.02237723 0 0.1184789 0.6585964 0.6136346 0.6579297 0.5842795 0.6687135 0.9317929 1 1 1 0.5443978 0.9744681 0.6946332 0.1161879 0.08646145 0.006246453 0 0 0 0 0 0.005788009 0.06449005 0.09417679 0.0600897 
0 0.01295084 0.1444362 0.1914165 0.1982182 0.1865862 0.1239807 0.2344245 0.8421113 0.7183002 0.5283187 0.4473976 0.3124496 0.7485284 0.270605 0.5113354 0.6505672 0.4895192 0.3655593 0.1980257 0.1864169 0.3812732 0.2998504 0.4747286 0.2693319 0.06246579 0.5028211 0.6186625 0.221417 0.124063 0.3436324 0.3302967 0.3661498 0.4282078 0.7140599 0.5205562 0.4002602 0.4515177 0.349304 0.6021467 0.3704835 0.2628345 0.3287711 0.308731 0.4057242 0.4226394 0.5236752 0.39755 0.5277771 0.3594623 0.5796106 0.4374214 0.488192 0.3924446 0.4442635 0.3153445 0.4342237 0.4725375 0.4752147 0.3929154 0.4296449 0.4915349 0.8026481 0.6048712 0.8900432 0.8857839 0.9225853 0.7729982 0.4495004 0.4246069 0.6489658 0.4863218 0.3966196 0.198584 0.2215592 0.2371357 0.3412895 0.415204 0.6665086 1 0.9998414 0.3285935 0 0 0 0.0300929 0.02506743 0 0 0 0 0 0 0 0 0 0 0 0 0.1383515 0.4931866 0.7380457 0.5950705 0.3305221 1 1 1 0.7820892 0.05541309 0.7119646 0.5757455 0.03775388 0 0.01718729 0.006129565 0 0 0 0 0.04506437 0.006399688 0.004618455 0.03550918 
0.01123282 0.1222915 0.04240725 0 0 0 0.0107289 0.2055606 0.9009378 0.9384561 0.5025766 0.6431933 0.4621028 0.6152853 0.7547012 0.4820115 0.4940392 0.6787583 0.449286 0 0.1340108 0.4157208 0.6367663 0.4422511 0.1538586 0.4501948 0.6706745 0.2734902 0.3257791 0.8891543 0.7326812 0.3352857 0.3764201 0.5876089 0.9845404 0.5382446 0.2791506 0.07082196 0 0.2936783 0.4100041 0.3244096 0.4828953 0.3956062 0.2187791 0.01123339 0.338799 0.6202468 0.6090041 0.5002421 0.692314 0.5467085 0.3481507 0.4972073 0.5016585 0.5336794 0.5834673 0.5082879 0.5934311 0.3909429 0.1196433 0.4838353 0.5078219 0.6240886 0.8913262 0.9455321 0.9950632 0.9946079 0.9346717 1 0.9117996 0.9679762 0.606719 0.4194197 0.1547001 0.01906196 0.1978726 0.4874447 0.7114722 1 0.9688822 0.4353245 0 0 0 0 0 0 0 0 0 0 0 0 0 0 0 0 0.1852448 0.06697891 0 0.07475212 0.4107504 0.6441349 0.6460754 0.8489438 0.8536461 0.543144 0.3195052 0.01517283 0.03200771 0.1554032 0 0 0.01571774 0.02353004 0 0 0.001495369 0.01116347 0.1201997 0.2627785 0.3527052 
0 0 0 0 0 0 0.01258813 0.00373821 0.8694869 0.9816933 0.4867638 0.6037586 0.619847 0.5141593 0.4518143 0.2751498 0.4621387 0.5273101 0.7218546 0.3607821 0.4738365 0.2190967 0.8347384 0.2726132 0 0.1229689 0.291291 0.7052851 0.8286126 0.3762946 0.4235335 0.451515 0.6388658 0.639493 0.4679389 0.8641251 0.8653944 0.2491779 0.3567269 0.3580647 0.2980022 0.3695214 0.6584116 0.5352892 0.6341471 0.6565664 0.261655 0.4768256 0.37453 0.4565777 0.2824471 0.2325391 0.3905668 0.4473045 0.5785294 0.6100225 0.630626 0.5836339 0.3559824 0.08791449 0.117508 0.9652582 0.8921311 0.5534856 0.4440889 0.7894068 0.9857453 0.9906853 0.9901573 1 0.920641 0.9479186 0.05760441 0.02607938 0.3445459 0.4966457 0.2635147 0.4822272 0.9746916 0.583758 0.1064872 0.02170726 0 0 0 0 0 0 0 0 0 0 0 0 0 0 0 0 0.004386322 0 0 0.01964704 0.8266252 1 0.9724424 0.9081669 0.7388453 0.3068856 0.01116725 0 0 0 0 0 0 0.001411667 0.02149018 0 0 0.07130919 0.06574307 0.0587776 0 
0 0 0 0 0 0 0 0 0.2841029 0.3909754 0.2118743 0.5032169 0.3645433 0.3643426 0.6895919 0.5931478 0.460717 0.1189818 0.3553379 0.4248162 0.3009076 0.287644 0.09361164 0.2695906 0.1918882 0.3582356 0.5670137 0.6028649 0.5526496 0.6057559 0.5116734 0.5821031 0.5946501 0.8956116 0.4581819 0.1935187 0.4502146 0.3576447 0.4029992 0.4940879 0.2634616 0.5064274 0.5806792 0.4304239 0.4991001 0.6724879 0.7880259 0.7458813 0.7925659 0.5819368 0.5609016 0.3942001 0.3563453 0.5694137 0.60311 0.6116781 0.5853424 0.541939 0.4190314 0.01090888 0.526525 0.9563618 0.5713658 0.8913693 0.7731313 0.9483221 0.809211 0.7952853 1 0.6380414 0.7611437 0.5256136 0 0.004910145 0.0447495 0.2790478 0.04883725 0.07015009 0.3069871 0.1110023 0.03040521 0.1851346 0.0212289 0 0 0 0 0 0 0 0 0 0 0 0 0 0 0 0 0 0 0.190789 0.7275719 0.9061267 0.9909485 1 1 0.8455309 0.4158813 0 0 0 0 0 0 0 0 0 0.0003084489 0.04081943 0.00485303 0 0 
0 0.002453795 0 0 0 0 0 0 0.05690139 0.2203749 0.3046042 0.4860485 0.6944662 0.6616143 0.5515268 0.2213128 0.4371204 0.6038604 0.5600058 0.5337775 0.5024872 0.4826258 0.3875809 0.08216944 0.613871 0.2341094 0.5923508 0.7319591 0.6914286 0.4870022 0.6743537 0.9362405 0.8095514 0.7884195 0.697194 0.4296088 0.5929112 0.7477935 0.831828 0.7453659 0.4050725 0.4433774 0.6711017 0.5778942 0.6419751 0.1918538 0.9420733 1 1 0.9521262 0.7218566 0.7261684 0.7014593 0.4299583 0.1801743 0.2895297 0.4329229 0.6168201 0.4506654 0.7771671 0.8599497 0.8910915 0.7180567 0.9178035 0.6883391 0.8464763 1 1 1 0.9886295 0.9259833 0.8312833 0.1005111 0.01716367 0.01507061 0.009154337 0.001865263 0.5989386 1 1 0.5144904 0.2121126 0.3077652 0 0 0 0 0 0 0 0 0 0 0 0 0 0 0 0 0 0 0.003892108 0.03312726 0.4864328 0.9288565 0.9980533 0.9898595 0.5156857 0.4637564 0 0 0 0 0 0 0 0 0 0 0 0.01027247 0.01870872 0.02143816 
0.09326947 0.1881042 0.117055 0 0 0.09281038 0.2121108 0.3817675 0.3852414 0.4148738 0.2693697 0.5222586 0.5598634 0.5187628 0.232896 0.04354345 0.9414797 0.7859562 0.5618958 0.6883748 0.5567516 0.8048322 0.6001204 0.420756 0.6541616 0.7234911 0.6316175 0.7181622 0.7592754 0.6094044 0.6581209 1 0.7083431 0.5522965 0.6159688 0.4469697 0.4615512 0.5367552 0.5262532 0.5197997 0.3254601 0.6313237 0.6773474 0.6453792 0.57867 0.4977727 0.984685 0.9385635 0.9820542 0.532699 0.6869938 1 0.9968901 0.5289196 0.01066743 0.2073587 0.0240099 0.6246378 0.5200445 0.3880656 0.3976805 0.9058314 0.7513605 0.6910257 0.5831745 0.5942125 0.9707004 1 1 0.984008 0.7260188 0.06111826 0.1527444 0.040359 0.004186977 0.05623218 0.5168311 1 1 1 0.376616 0.007447849 0.02002992 0.005187722 0 0 0 0 0 0 0 0 0 0 0 0 0 0 0 0 0 0 0 0 0.06588665 0.08839217 0.07965852 0 0 0 0 0 0 0 0 0 0 0 0 0 0 0 0 
0.006439444 5.853714e-08 0.2244953 0.3003255 0.329674 0.3380797 0.3657219 0.3664409 0.4603181 0.5835541 0.4380168 0.4324345 0.2185383 0.2718677 0.2913682 0.5765479 0.9661701 0.5967308 0.5026229 0.5816185 0.6627399 0.7154006 0.5718549 0.6575978 0.9314017 0.632224 0.6502247 0.5738031 0.7096896 0.7627677 0.9940411 0.9996368 0.9742156 0.8756294 0.9676312 0.4746446 0.4761264 0.4604903 0.4983863 0.4399295 0.46827 0.6846407 0.7198804 0.5921489 0.6383036 0.9276467 0.9760485 0.9854251 0.9957064 1 1 1 1 0.5891806 0.07019497 0.2023783 0.0404396 0.2165322 0.6522021 0.6362229 0.6109421 0.6730253 0.601604 0.4827513 0.4073338 0.4924984 0.7169547 0.9435715 0.9704638 0.7703605 0.1340476 0.08092224 0.09203919 0.3366872 0 0.3922337 1 1 1 1 0.2395507 0 0 0.01196902 0 0 0 0 0 0 0 0 0 0 0 0 0 0 0 0 0 0 0 0 0 0 0 0 0 0 0 0 0 0 0 0 0 0 0 0 0 0 0 
0 0.02157721 0.2344717 0.4532743 0.3775246 0.3289418 0.3834109 0.2698533 0.4992984 0.6095567 0.4021015 0.2648351 0.5083097 0.3969484 0.2173049 0.9018418 0.8356227 0.4380821 0.5921199 0.8642545 0.721754 0.4347425 0.8424581 0.8540761 0.7999084 0.6649209 0.7210081 0.635895 0.5393524 0.6500099 0.9304908 0.990838 0.9893585 1 1 0.5949957 0.4838823 0.5049332 0.5141534 0.4999787 0.4797568 0.7657678 0.7812232 0.9169511 0.9184238 0.9996289 0.97501 0.9726263 0.9533195 0.9925082 1 0.9601501 0.8444992 0.9701744 0.9971392 0.9496598 0.9780704 0.9345006 0.6839314 0.9051189 0.523454 0.46103 0.5858606 0.5404636 0.628289 0.5421702 0.6272484 0.8512908 0.8252468 0.2315845 0.04109071 0.13156 0.2710077 0.08001962 0.07593626 0.7782413 1 1 1 1 0.1115042 0 0 0.008633527 0.005309195 0 0 0 0 0 0 0 0 0 0 0 0 0 0 0 0 0 0 0 0 0 0 0 0 0 0 0 0 0 0 0 0 0 0 0 0 0 0 
0.001006276 0.01263982 0.164873 0.7267553 0.4750493 0.5650967 0.3395793 0.2882569 0.3270297 0.7100049 0.4218226 0.4120411 0.2724602 0.2808198 0.2834332 0.5064991 0.8298158 0.7132779 0.6516784 0.6172121 0.7070342 0.7323599 0.9637607 0.7851222 0.4414404 0.6935657 0.6855786 0.6389694 0.4904281 0.9489488 1 0.9520326 0.8836202 0.7418004 0.6420015 0.502631 0.7342557 0.7587864 0.6637072 0.484167 0.8199922 0.9655554 0.973378 0.8627384 0.9387415 0.9912235 0.9769097 1 1 0.9809942 0.9733779 0.6370863 0.1400527 0.5142543 0.4555925 0.4239529 0.4007477 0.3274681 0.5411987 0.3528084 0.3841119 0.5361133 0.4505861 0.4666555 0.4622795 0.3529554 0.8424762 1 1 0.828333 0.2911474 0.3478335 0.0581859 0.08836019 0 0.4291865 1 1 1 0.940217 0.000487562 0 0 0 0.0065909 0 0 0 0 0 0 0 0 0 0 0 0 0 0 0 0 0 0 0 0 0 0 0 0 0 0 0 0 0 0 0 0 0 0 0 0 0 0 
0.01754026 0 0 0.4674288 0.8790516 0.8544452 0.7644233 0.5208459 0.4434541 0.2083908 0.2996611 0.3060855 0.4892645 0.3733262 0.7502677 0.9700584 1 0.9212515 0.6938742 0.4896064 0.9974024 0.9137408 0.9818591 0.7467933 0.4656086 0.6153059 0.6869429 0.6646529 0.7796491 1 0.9789992 0.7347177 0.6487573 0.4281934 0.3288041 0.4803226 0.7951045 0.5884413 0.9237579 0.489087 0.6258338 0.5471478 0.6110301 0.7621434 0.9069769 0.8791647 0.881155 0.8750665 0.9369254 1 1 0.2605496 0 0 0 0 0 0 0.5257509 0.5364106 0.4070722 0.586672 0.3095169 0.4537886 0.330425 0.902356 0.9681018 1 0.9822346 0.8062607 0.1971066 0.4211817 0.1551821 0 0.1367303 0.9325039 1 1 1 1 0 0 0 0 0 0 0 0 0 0 0 0 0 0 0 0 0 0 0 0 0 0 0 0 0 0 0 0 0 0 0 0 0 0 0 0 0 0 0 0 0 0 0 
0 0 0 0 0.1136264 0.368354 0.5011122 0.3469136 0.08862995 0 0.2272425 0.4053926 0.4677054 1 1 1 1 1 0.7060119 0.6754536 0.8527352 0.9481369 0.9936997 0.9845296 0.7003955 0.7126032 0.6756988 0.5449646 0.6851928 0.7667193 0.5479859 0.3575104 0.3704286 0.3451234 0.4037709 0.6819108 0.6988555 0.6595468 0.9516023 0.4468734 0.6330013 0.6722003 0.6976571 0.9835364 1 1 1 1 0.944787 0.8806738 0.8857473 0.2543386 8.606423e-05 0 0 0 0 0.02215841 0.3358135 0.6380531 0.6021929 0.6194824 0.5782401 0.6404934 0.7080067 0.8900126 1 1 0.7496321 0.9504983 0.3141073 0.5820426 0.4788644 0.1292671 0.6760932 1 1 1 1 1 0 0 0 0 0 0 0 0 0 0 0 0 0 0 0 0 0 0 0 0 0 0 0 0 0 0 0 0 0 0 0 0 0 0 0 0 0 0 0 0 0 0 0 
0 0 0 0 0 0.01413643 0.07446481 0.1775756 0.3351603 0.007443881 0.02517943 0.2948366 0.2108766 0.8459118 0.5736315 0.9132321 1 1 0.750248 0.83698 0.7577831 0.9473588 0.7510906 0.8279502 0.7560648 0.7667729 0.4885815 0.507942 0.2997513 0.3659831 0.113786 0.7301161 0.615814 0.5746757 0.6526023 0.7581812 0.7323615 0.6955729 0.9439411 0.52758 0.6788454 0.7098606 0.8167189 0.9988205 1 1 1 1 0.98374 0.9805384 0.9637341 0.985153 0.531987 0.0324849 0.1159995 0.004400074 0.09444365 0.1324439 0.5808393 0.5687593 0.6461887 0.6100806 0.7175611 0.6736578 0.9480593 0.5250248 0.5157036 0.8645966 0.544614 0.5702069 0.7051075 0.6631464 0.6471242 0.4476807 0.641983 0.9991288 1 1 1 1 0 0 0 0 0 0 0 0 0 0 0 0 0 0 0 0 0 0 0 0 0 0 0 0 0 0 0 0 0 0 0 0 0 0 0 0 0 0 0 0 0 0 0 
0 0 0 0 0.1152542 0.06175867 0.3376779 0.337546 0.1170003 0.2933976 0.3583429 0.633116 0.4859848 0.3965468 0.692672 0.697231 1 0.8999194 0.646485 0.9066551 0.9462328 0.7721126 0.553672 0.9777871 1 0.8201196 0.1302243 0.1253676 0.4636857 0.4772582 0.1764625 0.6924469 0.8155769 0.7694167 0.7266927 0.7505453 0.7101281 0.7545039 0.9260574 0.6022499 0.5559814 0.8829121 0.987029 1 1 1 1 1 1 0.9889752 0.9998803 1 0.9878648 0.5850446 0.09053946 0.4208794 0.6654893 0.5963902 0.6022033 0.6156999 0.7390588 0.3415925 0.7160513 0.8648217 0.3213568 0.4691944 0.5202953 0.4690917 0.6187837 0.5355012 0.6016076 0.5754927 0.5781002 0.7857531 0.6929554 0.5741916 0.9992395 0.8549819 0.5673887 0.1219957 0 0 0 0 0 0 0 0 0 0 0 0 0 0 0 0 0 0 0 0 0 0 0 0 0 0 0 0 0 0 0 0 0 0 0 0 0 0 0 0 0 0 0 
0 0 0 0.1838598 0.4389313 0.5103211 0.6492288 0.6119023 0.6092641 0.2483848 0.1680155 0.298645 0.2654866 0.2493255 0.5442761 0.5002582 0.8414544 0.5987492 0.6107939 0.8025513 0.9801685 0.7149508 0.6714818 1 0.8075941 0.1212386 0.05528587 0.04533295 0.006962806 0.7759118 0.3756275 0.5514279 0.6687488 0.8666339 0.6249793 0.5694273 0.6546478 0.7165579 0.7182084 0.6280501 0.779057 1 1 0.9952986 0.9409199 0.978237 0.9778545 0.9777827 0.975103 1 1 0.8635141 0.6038869 0.9750026 0.08351734 0.04305237 0.2218471 0.4286482 0.6485885 0.6005595 0.5129926 0.2357449 0.6102815 0.7149819 0.6779771 0.6603428 0.7332006 0.5745649 0.6734091 0.5805316 0.5701947 0.3867 0.5260423 0.6025485 0.6849684 0.3790535 0.1175758 0.01425841 0.01618918 0.0009401155 0 0 0 0 0 0 0 0 0 0 0 0 0 0 0 0 0 0 0 0 0 0 0 0 0 0 0 0 0 0 0 0 0 0 0 0 0 0 0 0 0 0 0 
0.004692545 0 0.08170987 0.8789234 0.8139326 0.8304318 0.7834012 0.610191 0.8388274 0.6210682 0.3627506 0.09305047 0.6034411 0.3832363 0.6289161 0.9087543 0.6407562 0.6862615 0.7455103 0.7844135 0.8925737 0.9684772 0.7582288 0.597285 0.5021791 0.1219471 0.2371932 0.7506501 0.4863554 0.5535052 0.650642 0.6707341 0.6367968 0.93008 0.5697981 0.4387069 0.7379399 0.8003318 0.6523659 0.6080842 0.7128755 0.9235965 0.7169166 0.9803928 0.9594277 0.9906481 1 1 0.9906266 0.980742 0.9826894 0.3281864 0.006607408 0.1779424 0 0.01252549 0.133915 0.119138 0.9297414 0.9331916 0.5677564 0.5581514 0.5801904 0.6392753 0.5610352 0.5701498 0.7343097 0.6881211 0.5474005 0.6325897 0.4565655 0.7723073 0.557453 0.6510774 0.5831827 0.01845421 0 0 0 0 0 0 0 0 0 0 0 0 0 0 0 0 0 0 0 0 0 0 0 0 0 0 0 0 0 0 0 0 0 0 0 0 0 0 0 0 0 0 0 0 0 0 0 
0.04569127 0.1853971 0.8875867 0.9869943 0.9930066 0.9311666 0.9894866 0.7878997 0.5978259 0.6050965 0.6285881 0.278873 0.5120583 0.8274432 0.6523098 0.6839364 0.5903528 0.655234 0.6824472 0.6842677 0.7811208 0.7060774 0.5896583 0.1738864 0.05469793 0.5458927 0.3685791 0.5667579 0.844851 0.7461946 0.6510059 0.630073 0.4930996 0.4257008 0.2990174 0.3071928 0.5759211 0.6683828 0.6701016 0.6612256 0.4365877 0.6166064 0.6235136 0.6769005 0.7252111 0.9274031 1 1 1 1 1 0.03511172 0 0.223339 0.0262926 0 0 0.01349739 0.1748128 0.4839563 0.5543422 0.6961203 0.6134404 0.4665085 0.2300231 0.7349391 0.7033617 0.7422618 0.2197773 0.1627167 0.5061056 0.5016213 0.5817217 0.7331943 0.4296209 0.241948 0.006952794 0 0 0 0 0 0 0 0 0 0 0 0 0 0 0 0 0 0 0 0 0 0 0 0 0 0 0 0 0 0 0 0 0 0 0 0 0 0 0 0 0 0 0 0 0 0 
0 0.5777703 1 0.9966487 1 1 1 0.992464 0.694485 0.6129711 0.7645033 0.7353711 0.2550642 0.6941029 0.7375913 0.7136261 0.7814741 0.7757879 0.7311676 0.8063089 0.5454293 0.5962289 0.4223489 0.3947358 0.3468698 0.9350063 0.8094102 0.7993904 0.6813403 0.7713307 0.7046853 0.6779042 0.5692942 0.4340147 0.486502 0.5293859 0.4821961 0.599111 0.7148106 0.7496827 0.3242631 0.6716388 0.6712196 0.676156 0.6097509 0.723702 0.9961985 1 1 1 0.998324 0.05588491 0 0 0.4035949 0.2192679 0.5025046 0.2173001 0.3547561 0.04765044 0.6810722 0.6923316 0.6073295 0.4209136 0.4979741 0.803875 0.6696736 0.7261168 0.1948818 0.09553518 0.5211474 0.4889758 0.5063108 0.507602 0.2776982 0.579641 0.06331792 0 0 0.06954876 0 0 0 0 0 0 0 0 0 0 0 0 0 0 0 0 0 0 0 0 0 0 0 0 0 0 0 0 0 0 0 0 0 0 0 0 0 0 0 0 0 0 0 
0 0.08998326 0.953486 1 1 1 0.9794404 0.9320035 0.627122 0.6136924 0.5811892 0.5955231 0.4971641 0.4195303 0.5925382 0.8346071 0.7420259 0.7178156 0.4732917 0.9243389 0.7616774 0.6997021 0.7396263 0.7237715 0.7529403 0.6887635 0.6057686 0.6288049 0.810755 0.7772874 0.7439598 0.7607815 0.7213763 0.6691266 0.4754458 0.5496767 0.4504672 0.6765481 0.969471 0.9635494 0.6008373 0.5627949 0.5736781 0.5085801 0.5883722 0.5952304 0.8631374 1 0.9193639 0.5115241 0.3219458 0.007931698 0 0.07101446 0.7463896 0.7783018 0.6655089 0.6015618 0.5825254 0.3216112 0.9408714 0.6713039 0.6062953 0.5945925 0.4296462 0.5601583 0.6733612 0.7910997 0.7150348 0.5708496 0.4904301 0.478363 0.3540717 0.3712953 0.4874936 0.3780323 0 0 0.01461845 0 0 0 0 0 0 0 0 0 0 0 0 0 0 0 0 0 0 0 0.205663 0 0.08176114 0 0 0 0 0 0 0 0 0 0.02608808 0.002337345 0 0 0 0 0 0 0 0 0 0 0 
0 0 0.4512482 0.9966971 0.8734492 0.379816 0.3576088 0.6743991 0.6091235 0.5853477 0.7264306 0.7945251 0.2261306 0.2761565 0.9778119 0.7216895 0.6399705 0.766317 0.5177535 0.7010947 0.7255468 0.8135219 0.7561502 0.6630884 0.6206956 0.713398 0.648912 0.8345168 0.6804861 0.5798562 0.7767061 0.5752268 0.6765566 0.6620646 0.5567247 0.402324 0.6057237 0.7591612 0.7019959 0.685739 0.6811351 0.5417036 0.2953867 0.4090731 0.4467906 0.5752289 0.5701718 0.8761563 0.2475692 0 0.02673544 0.1842538 0.5746657 0.9040363 0.8361613 0.5952369 0.5680199 0.571985 0.4508881 0.4844449 0.710988 0.6399992 0.7541346 0.7202229 0.5791773 0.5897785 0.6787897 0.7731441 0.667387 0.5601592 0.5423155 0.4637708 0.1804654 0.8119004 0.5522527 0.1381633 0 0.0003486538 0.02675096 0 0 0 0 0 0 0 0 0 0 0 0 0 0 0 0 0 0 0.1914545 0.6889665 0.2571097 0.218451 0.0001196819 0 0 0 0 0 0 0 0.007768163 0.5780479 0.113384 0 0 0 0 0 0 0 0 0 0 0 
7.950917e-05 0.2252631 0.5992309 0.7220665 0.1648511 0 0.323927 0.5914327 0.5552806 0.5605583 0.4828416 0.09818091 0 0.003791325 0.3037032 0.6324539 0.5763911 0.744581 0.6804349 0.8160403 0.7805682 0.6970131 0.7251293 0.5000446 0.7663252 0.818134 0.9594599 0.7443226 0.1342755 0.1870821 0.511912 0.4523233 0.5278834 0.4891693 0.5716118 0.5957559 0.5760698 0.6667061 0.6508443 0.6430979 0.6249642 0.5607138 0.01473561 0.3132622 0.5007066 0.6414074 0.8493318 0.7170367 0.1291956 0.5456069 0.969445 0.9715196 0.7050981 0.8714556 0.6677175 0.5144777 0.6735752 0.5544866 0.3782775 0.5226708 0.5605168 0.6489319 0.5536312 0.45579 0.3214536 0.5160787 0.5907767 0.7341289 0.5990674 0.04325818 0.4091007 0.4946598 0.4821567 0.358153 0.2878963 0.05227943 0 0 0 0 0 0 0 0 0 0 0 0 0 0 0 0 0 0 0 0 0 0.20932 0.7440363 0.952165 0.981047 0.06116974 0 0 0 0 0 0.009638978 0 0.3129321 0.1736473 0 0 0 0 0 0 0 0 0 0 0 0 
0.4823405 0.7447917 0.6933925 0.6834258 0.6234025 0.1734762 0.4052562 0.6965475 0.76978 0.1932305 0.02809851 0 0 0 0.0007722519 0.3790989 0.7152766 0.7027529 0.7651591 0.6917961 0.6573259 0.6879826 0.6702816 0.6278124 0.8514931 0.9862813 0.8968081 0.2985398 0.08782359 0.2664982 0.8133349 0.5518764 0.5704586 0.4975514 0.4885395 0.4486025 0.6297492 0.6572477 0.6922449 0.6025729 0.6264005 0.6624179 0.3398428 0.1436358 0.6075184 0.8765615 0.7580792 0.6615041 0.4709809 0.04356559 0.709978 0.9495958 0.766371 0.3556779 0.7367429 0.8377843 0.7343711 0.7129019 0.6439717 0.5512183 0.361686 0.624709 0.3513485 0.1126666 0.3718973 0.6038896 0.7470813 0.7674561 0.61023 0.2988522 0.3377064 0.4365263 0.4941677 0.03472856 0.1643159 0.0314372 0 0 0 0 0 0 0 0 0 0 0 0 0 0 0 0 0 0 0 0 0 0.1517212 0.9093341 0.9118922 0.672061 0 0 0 0 0 0 0.2670621 0.3757164 0.3038982 0 0 0 0 0 0 0 0 0 0 0 0 0 
0.4555388 0.5882933 0.6858108 0.6659299 0.658322 0.6045085 0.5600691 0.3479328 0.06513619 0 0 0 0 0 0 0.1438261 0.3953505 0.7437494 0.6788122 0.5297403 0.6113832 0.6403829 0.5850381 0.510891 0.5529616 0.8354335 0.653852 0.9333578 0.9031034 0.7734218 0.5713961 0.2724756 0.5133703 0.5459493 0.3396397 0.3551538 0.6049207 0.6223007 0.6934195 0.6676387 0.7056928 0.7713294 0.6024768 0.5023134 0.7066497 0.7521825 0.7125577 0.6746753 0.7747362 0.1548109 0.1170661 0.6324714 0.3938547 0.01592444 0.2080551 0.7846143 0.6225635 0.6406689 0.6108174 0.5004778 0.5545639 0.5813353 0.4841227 0.3539954 0.8447306 0.9695613 0.9021553 0.6514197 0.6977739 0.4194065 0.3719485 0.2170228 0.06434407 0 0 0.1525477 0.0317332 0 0 0 0 0 0 0 0 0 0 0 0 0 0 0 0 0 0.07353713 0.4468463 0.1624148 0.3879248 0.9437054 0.9724397 0.486818 0 0.3903616 0.2791551 0.04276129 0.01569647 0.0002565862 0.429382 0.759575 0.4249723 0.3089551 0.0008043709 0 0 0 0 0 0 0 0 0 0 0 
0.6560671 0.6936983 0.7031693 0.51776 0.585369 0.3830303 0.006171274 0 0 0 0 0 0 0.3278858 0.8065327 0.9296161 0.3523316 0.1462886 0.3093175 0.2925287 0.4348336 0.3229855 0.5412166 0.2527161 0.3404149 0.9154322 0.8100796 0.6948786 0.5281001 0.2918565 0.1658683 0.04677457 0.2465627 0.4048324 0.4650276 0.646376 0.744795 0.4687124 0.6244009 0.6272328 0.6343099 0.6792929 0.6205069 0.7246349 0.7393747 0.6255012 0.5123301 0.4693761 0.5096663 0.04808102 0 0 0.02440627 0.2605335 0.2033464 0.6000334 0.5411711 0.6013413 0.5706041 0.5371183 0.5182735 0.6628595 0.4871246 0.4055416 0.5510636 0.9624391 0.8024853 0.5634869 0.6431057 0.3916529 0.1432166 0.05698651 0 0 0.0209752 0.2506988 0 0 0 0 0 0 0 0 0 0 0 0 0 0 0 0 0 0.004823979 0.6742924 0.9626376 0.966341 0.9393423 0.9466151 0.9354922 0.6109449 0.06177606 0.7403809 0.2430155 0.118874 0.304622 0.1442344 0.01320628 0.7480587 0.5385195 0.3786479 0.4535738 0.07014768 0.05660289 0.01893807 0 0 0 0 0 0 0 0 
0.5000528 0.6661677 0.585573 0.3510026 0.7571619 0.5056964 0 0 0 0 0 0 0.01554887 0.4715551 0.9709404 0.5384998 0.1440345 0.08885223 0.1882586 0.08033056 0.04456353 0.06103615 0.1011714 0.0001210685 0.006799134 0.004881574 0.001668997 0 0 0 0 0 0 0 0 0 0.07475293 0.1201603 0.192676 0.3863291 0.5843208 0.7078373 0.6366659 0.7245764 0.7245988 0.7343522 0.4008731 0.06886791 0.01391454 0 0 0.1067628 0.2427743 0.1395682 0 0 0 0 0.03702755 0.06862175 0.4765249 0.6436896 0.4798346 0.43888 0.5487752 0.7580972 0.5372138 0.6591289 0.4346112 0.1230566 0 0 0 0 0.04819718 0 0 0 0 0 0 0 0 0 0 0 0 0 0 0 0 0.001291883 0.2331938 0.7378219 0.950879 0.9685782 0.9197727 0.9402878 0.9791896 0.7983159 0.9451599 0.7597173 0.9222993 0.02713689 0 0.009576023 0.1679605 0.06098054 0.4209235 0.5518334 0.3442665 0.5107173 0.4988774 0.5245138 0.3206137 0.05563742 0.005319203 0 0 0 0 0 0 
0.4958344 0.3646712 0.3408231 0.2926855 0.3938768 0.6289011 0.0003359459 0 0 0 0 0 0.009236145 0.08047926 0.8907697 0.4551937 0.6026267 0.7117159 1 1 1 0.5520256 0 0 0 0 0 0 0 0 0 0 0 0 0 0 0 0.2832602 0.6464658 0.5168682 0.147602 0.1040444 0.2152061 0.2157069 0.5493614 0.1165822 0.4621086 0.03992511 0 0 0 0 0 0 0 0 0 0.02747102 0 0 0.2396443 0.64623 0.6510231 0.7114468 0.7821814 0.7289706 0.6726149 0.5371826 0.005659003 0 0 0 0 0 0 0 0 0 0 0 0 0 0 0 0 0 0 0 0 0 0 0.1208095 0.8798525 0.9288035 0.9558098 0.8622435 0.7709684 0.8696412 0.9517065 0.9327031 0.7444587 0.9293115 0.9649135 0.5652033 0.01607333 0.1981542 0.549722 0.5436317 0.1654845 0 0 0 0 0.03340314 0.2890295 0.2016704 0 0 0 0 0 0 0 
0.01140412 0.06229596 0.1473801 0 0.001017852 0 0 0 0 0 0 0.08664302 0.6128981 0.9574025 0.388896 0.839733 0.8933924 0.9240746 0.8173615 1 0.9994923 0.7223154 0 0 0 0 0 0 0 0 0 0.03521572 0.3119242 0.157155 4.254408e-05 0 0 0.4625793 1 0.9907779 0.4187718 0.01148693 0.1079449 0.06705833 0.03352465 0.00200967 0.2527133 0.01252684 0 0 0 0 0 0 0 0 0.001539716 0.03376989 0 0 0.2125276 0.6599757 0.6595259 0.9128308 0.7705664 0.6318254 0.6143004 0.01976271 0 0 0.009577918 0 0 0 0 0 0 0 0 0 0 0 0 0 0 0 0 0 0 0 0.035662 0.5482429 0.2109073 0.1927159 0.4292717 0.4077633 0.7109532 0.7669817 0.7975393 0.8385909 0.4659236 0.6510327 0.7808838 0.8782483 0.3729591 0.4192877 0.5728796 0.2745874 0.1041141 0.5182814 0.1110543 0 0.2696112 0.2902044 0.2012971 0 0 0 0 0 0 0 0 
0.07783987 0 0.134374 0.3161359 0.002705988 0 0 0 0 0 0.2317185 0.8942345 1 0.7996642 0.5206183 0.9935706 0.9842807 0.9955505 0.7352608 0.9702446 0.9895446 0.8188734 0 0 0 0 0 0 0 0.06414387 0.4050847 0.8168431 0.7573045 0.7460337 0.4678251 0.5536368 0.3922023 0.5861704 1 1 1 0.8611502 0.5608408 0.4044271 0.001621472 0.01284206 0 0 0 0 0 0 0 0 0 0 0.03981116 0 0 0.05172365 0.5200586 0.6728815 0.5927857 0.3936961 0.4231999 0.5326161 0.05227447 0 0 0 0.04010921 0 0 0 0 0.07810638 0.01731133 0.2922955 0.2889718 0 0 0 0 0 0 0 0 0.06850451 0.07258227 0.4875954 0.719939 0.785515 0.5782542 0 0.07593795 0.7186582 0.5812467 0.2938673 0.542657 0.2661141 0.4978476 0.5947428 0.800551 0.9292341 0.6033879 0.5832349 0.5782754 0.5527816 0.3179322 0.6281934 0.01150342 0 0.0481112 0.3100908 0.0009244958 0 0 0 0 0 0 0 0 
0.0009085318 0.07212791 0.01172655 0.1257007 0 0 0 0 0 0 0.3135834 0.8188947 0.9916816 0.5070843 0.9998087 1 1 1 0.8869476 0.7080854 1 0.819512 0 0 0 0 0 0 0.1766701 0.9557304 1 1 0.8435624 0.2099294 0.4465856 0.9313946 1 0.2062132 0.6961543 0.9763803 0.9783037 0.9699754 0.9652326 0.5754904 0 0 0 0 0 0 0 0 0 0.00215591 0.02493457 0.02431512 0.02328489 0.02595104 0.0210411 0.1056946 0.1828389 0.00818065 0.0002018026 0.04394086 0 0 0 0 0 0 0 0 0 0 0.05936261 0.8374382 0.8319903 0.7653461 0.8412711 0.2214139 0 0 0 0 0 0 0 0.1501212 0.1307141 0.311558 0.773181 0.6677794 0.7769111 0.2094855 0.4459253 0.6418794 0.5621549 0.5882329 0.2100844 0.1364178 0.6268862 0.4655755 0.6741372 0.7612447 0.7103375 0.5906574 0.8558193 0.7804707 0.6603093 0.2076118 0 0.02489883 0.1426292 0 0 0 0 0 0 0 0 0 0 
0 0 0 0.04106044 0 0 0 0 0 0 0 0.6378511 0.5397993 0.7160476 1 1 1 1 1 1 1 0.8590804 0 0 0 0 0 0 0.3939929 1 1 1 1 0.9743752 0.9217954 0.9285582 0.9166107 0.4302266 0.9788357 1 1 1 1 0.9136016 0.01106417 0 0 0 0 0 0 0 0 0 0 0 0 0 0 0.04978181 0.03312207 0 0.08148246 0 0 0 0 0 0 0 0 0.1067318 0.2770254 0 0.0004434086 0.3126867 0.4725077 0.5091348 0.9060103 0.7868397 0.1556422 0 0 0 0.05673002 0.6562803 0.5989574 0.5963016 0.5183598 0.008760861 0.06062534 0.6970029 0.9808245 0.6673011 0.8985084 0.9522721 0.7115363 0.09777226 0.1919094 0.1140923 0.5587091 0.4274347 0.7578617 0.6005923 0.6048613 0.6930553 0.7031876 0.578537 0.5190598 0.6395768 0.3251374 0.2588961 0.03940675 0 0 0 0 0 0 0 0 0 0 
0 0 0 0.008244782 0.01314941 0 0 0 0 0 0 0.03155413 0.4723042 0.8612849 1 1 1 1 1 1 1 0.9216205 0 0 0 0 0 0 0.04495448 0.6225601 0.9972092 1 1 1 1 1 0.9837055 0.9737313 1 0.9992509 1 1 0.9892584 0.9006363 0.06661546 0 0 0 0 0 0 0 0 0 0 0.006836104 0.06185621 0.03936591 0 0 0 0 0 0 0 0 0 0 0.1010349 0.3400134 0.3593307 0.4733714 0.08901468 0 0 0 0 0.002066984 0.6245036 0.8548732 0.654429 0.03476094 0 0 0.09460986 0.405416 0.7771111 0.9914279 0.7655064 0.6717021 0.7606772 0.3805684 0.462161 0.9417054 0.9689491 0.879755 0.6530276 0.6637243 0.383576 0.6040078 0.7473355 0.816564 0.7010445 0.4056905 0.3678392 0.6320361 0.6896866 0.6422588 0.6853016 0.5676754 0.3109461 0.1133482 0.06935535 0.122641 0.01200699 0 0 0 0 0 0 0 0 
0 0 0 0 0 0 0 0 0 0 0 0.0003968873 0.5101142 1 1 1 1 1 1 1 1 0.9824136 0.001747476 0 0 0 0 0 0 0 0.2503319 0.8288258 1 1 1 1 1 1 0.9675327 1 0.956722 0.9745018 0.8352031 0.1708462 0 0 0 0 0 0 0 0 0 0 0 0 0 0.01750311 0.07667781 0.04439186 0.256884 0.3975412 0.13263 0.05297342 0.04837906 0.4861667 0.5484603 0.5259325 0.2798089 0.0532334 0 0 0 0 0 0 0 0.0311444 0.5992791 0.7759219 0.9058121 0.6797757 0.355983 0.3415983 0.5161265 1 0.9876015 0.9997176 0.1279164 0 0.433435 0.652705 0.6033305 0.7279217 0.73801 0.7146467 0.6960958 0.9715343 0.8630159 0.8778114 0.9821639 0.985765 0.8245665 0.4225517 0.4305957 0.5861386 0.6637377 0.5989091 0.4083131 0.380559 0.06542768 0.2148093 0.3246291 0.1582757 0.1181434 0.04339618 0.02196058 0 0 0 0 0 0 
0 0 0 0 0 0 0 0 0.1516733 0.5381033 0.616628 0.7481566 1 1 1 1 1 1 1 1 1 1 0.04605446 0 0 0 0 0 0 0 0 0.0001907552 0.1471261 0.4209371 0.694748 0.9484996 0.9889818 0.9992163 0.9943755 0.9694311 0.9937282 1 0.8325448 0 0 0 0 0 0 0 0 0 0 0 0 0 0 0 0.004773089 0.1240087 0.7183935 0.1765129 0.003630356 0.0002329742 0.4872155 0.9440196 0.306296 0.009514766 0.01052875 0 0 0.02639084 0.003310481 0 0 0 0 0.05017753 0.9783488 0.9205809 0.964397 0.9731584 0.9076889 0.9427794 0.8739872 0.9437298 0.9853449 0.9748082 0.486495 0.1654821 0.5497398 0.7220553 0.6755986 0.4805908 0.5495647 0.7754769 0.7476612 0.7795157 0.6548102 1 1 1 0.9213114 0.9845242 0.8537081 0.5713369 0.6876727 0.5788308 0.5601315 0.2560034 0.1133637 0.3429786 0 0 0 0 0.03544775 0.008272538 0 0 0 0 0 
0 0 0 0 0 0 0 0 0.3831065 1 1 1 1 1 1 1 1 1 1 1 0.8610685 0.2939294 0.008428733 0 0 0 0 0 0 0 0 0 0 0 0 0.02005968 0.2386046 0.591345 0.9435621 1 1 1 0.9727471 0.01179649 0 0 0 0 0 0 0 0 0 0.09850631 0.2721669 0.009785248 0 0 0.1855969 0.3321283 0.4871818 0.04863921 0.02473028 0.04115114 0.2222514 0.02299672 0.1578823 0.01526449 0 0 0 0 0 0 0.00842484 0 0 0 0.8152864 0.9729834 0.976788 0.9951802 0.9194321 0.2168221 0.1337187 0.8768396 0.4051888 0.1333669 0.1372443 0.2946696 0.6803911 0.7451494 0.6245072 0.5386868 0.5784132 0.7221842 0.802071 0.2616636 0.1739321 0.9345054 0.9809126 0.963728 0.9561281 1 0.9745148 0.9436789 0.6677524 0.1525461 0.04285072 0.1490765 0.04483056 0.002712453 0.08937645 0.2708767 0.09968228 0 0 0 0 0 0 0 0 
0 0 0 0 0 0 0 0 0.004412999 0.7608829 1 1 1 1 1 1 1 1 1 0.9865744 0.2201157 0 0 0 0 0 0 0 0 0 0 0 0 0 0 0 0 0 0.3432322 0.9927341 1 1 1 0.1358835 0 0 0 0 0 0 0 0 0.01272631 0.8671213 1 0.7874249 0.0738234 0.06283372 0.3326067 0.3301142 0.05869234 0.09392705 0.2386819 0.6459929 0.3025323 0 0.08839701 0.01491191 0 0 0 0 0 0 0.01530625 0 0 0.03042688 0.3782704 0.9127528 0.6103683 0.9156213 0.3489721 0.6325092 0.8300256 0.99257 0.4440305 0.3903141 0.9252879 0.6868393 0.7026404 0.6544124 0.5677905 0.752193 0.6551213 0.8270916 0.6855165 0.1867488 0.467403 0.8895347 0.5883477 0.9812441 0.9842218 0.9674421 1 0.7807654 0.5935017 0.4188044 0.2239436 0.04759816 0.03400259 0.06040809 0.04846447 0.1016534 0.03762005 0.01539694 0 0 0 0 0 0 0 
0 0 0 0 0 0 0 0 0 0.3126894 1 1 1 1 1 1 1 1 1 0.5157018 0 0 0 0 0 0 0 0 0 0 0 0 0 0 0 0 0 0 0 0.1324131 0.7170368 1 0.8386555 0.09649001 0 0 0 0 0 0 0 0 0 0.1957609 0.7487789 0.7179109 0.8274998 0.6613435 0.4589717 0.1878478 0.7128732 0.7822993 0.6234978 0.2935081 0.01957712 0.09652523 0.3405139 0.1892949 0 0 0 0.03833262 0.2379183 0.3386955 0.7043948 0.06608065 0.1119749 0.4273901 0.1135614 0.7823643 0.1526591 0.5695228 0.7007317 0.9518555 0.9647568 1 1 1 1 1 0.7693626 0.5835816 0.5512762 0.4848588 0.683666 0.6295096 0.6100924 0.858789 0.8072382 0.6276459 0.6710009 0.9248748 0.9655231 0.9599406 1 0.7175794 0.9058868 0.3639249 0.4525732 0.2024051 0 0 0 0 0 0.008511134 0.01181234 0 0 0 0 0 0 
0 0 0 0 0 0 0 0 0.07452431 0.9308078 1 1 1 1 1 1 1 1 0.8043959 0.02096325 0 0 0 0 0 0 0 0 0 0 0 0 0 0 0 0 0 0 0 0 0.07739408 0.6473185 0.009681756 0 0 0 0 0 0 0 0 0 0 0.002172348 0.4574532 0.6161653 0.3388477 0.3693754 0.3857387 0.3426301 0.6866171 0.6471674 0.66115 0.5158879 0.1703717 0.3881107 0.2030188 0.5881787 0.215575 0.01247368 0.0267409 0.1969909 0.05021505 0.006190747 0.8335199 0.7219883 0.767821 0.9061635 0.7841145 0.4980802 0.5982948 0.7227179 0.9172521 1 0.989172 0.9579206 0.90361 0.8895975 0.9963864 0.9880241 0.9111022 0.5374416 0.4062361 0.4232521 0.4084399 0.3689085 0.9155706 1 0.7706858 0.6518199 0.9324563 0.9427728 1 0.9811418 0.998036 0.883441 0.9928163 0.2507034 0.6588464 0.8982164 0.006106897 0 0 0 0 0 0.00436914 0.01799523 0.002126352 0 0 0 0 
0 0 0 0 0 0 0 0 0.007429496 0.9290987 1 1 1 1 1 1 1 0.9683917 0.1666243 0 0 0 0 0 0 0 0 0 0 0 0 0 0 0 0 0 0 0 0 0 0 0 0 0 0 0 0 0 0 0 0 0 0 0.009028669 0.6964889 0.9999966 0.1041378 0.1207303 0.2482417 0.5130411 0.685599 0.6648409 0.6137297 0.6435308 0.7202216 0.4249864 0.3037503 0.668305 0.1430436 0.2445167 0.00120861 0 0.0001088726 0.09777695 0.2724847 0.7579066 0.9270577 0.7686617 0.4993086 0.6535468 0.7444484 0.7034785 0.7196426 0.8360775 0.8669555 0.9117785 0.6478987 0.7178775 0.9792453 0.6100901 0.3033835 0.2512974 0.1650409 0.3997638 5.279671e-05 0.641892 0.9779808 0.2923101 0.7807862 0.8011056 0.8943729 0.9696974 1 1 0.999878 0.9062137 0.8320438 0.6988876 1 0.5111439 0.006859221 0.003507524 0.1503532 0.3914186 0 0 0 0 0.02032066 0.01772423 0 0 0 
0 0 0 0 0 0 0 0 0 0.6863683 1 1 1 1 1 1 1 0.444028 0 0 0 0 0 0 0 0 0 0 0 0 0 0 0 0 0 0 0 0 0 0 0 0 0 0 0 0 0 0 0 0 0 0 0 0 0.0536998 0.3147325 0.09027083 0.07408926 0.2111766 0.4460223 0.6045418 0.5870847 0.7119408 0.5742195 0.5333562 0.5400544 0.2961935 0.4271198 0.6247284 0.2383016 0 0.02250923 0.04068078 0.01491225 0.35223 0.7748383 0.7304022 0.6502101 0.7129172 0.7436216 0.8331248 0.6229767 0.6234532 0.6169453 0.6870611 0.7625842 0.6422378 0.6354555 0.6765898 0.296174 0.005514351 0.5128016 0.0330869 0.3565662 0.2402861 0.8671159 0.8140823 0.45766 0.7589313 0.9538848 0.9739296 0.9992805 1 1 1 0.7846512 0.6875182 0.7332166 0.9039369 0.08122595 0.5461139 0.6616589 0.6787278 0.4959532 0.002109374 0 0.2630617 0 0.02228166 0.015517 0.02358315 0 0 
0 0 0 0 0 0 0 0 0 0.1228438 0.4427394 0.7229192 0.9668373 1 1 1 0.7380424 0.00702545 0 0 0 0 0 0 0 0 0 0 0 0 0 0 0 0 0 0 0 0 0 0 0 0 0 0 0 0 0 0 0 0 0 0 0 0.01212205 0.4471805 0.280794 0.3268495 0.3938511 0.2537484 0.6642683 0.6016974 0.6671496 0.6945726 0.7310082 0.5948661 0.3364542 0.2400528 0.5795588 0.582393 0.3477518 0.06140357 0.02484941 0.3092051 0.847857 0.807795 0.9091221 0.919412 0.7408918 0.9002692 0.7855806 0.6420568 0.8459542 0.6140043 0.5353441 0.7067493 0.7179217 0.6596072 0.6231202 0.6558681 0.5940784 0.1773716 0.1613946 0.1086566 0.3847273 0.8622215 0.87791 0.7989687 0.8296634 0.7669293 0.992827 1 0.9911442 0.9734665 1 0.9920425 0.7169836 0.6130864 0.5001903 0.6992074 0.6451282 0.8740269 0.1782526 0 0 0.03417081 0.2531974 0.3243771 0 0.02300633 0 0.002275077 0.02735979 0.009103151 
0 0 0 0 0 0 0 0 0 0 0 0 0.03626203 0.2853352 0.6198509 0.7283297 0.05612315 0 0 0 0 0 0 0 0 0 0 0 0 0 0 0 0 0 0 0 0 0 0 0 0 0 0 0 0 0 0 0 0 0 0 0.1206568 0.04972156 0.3459069 0.6410013 0.7775249 0.8754598 0.216072 0.350867 0.6217521 0.6663975 0.5931641 0.6906692 0.5308703 0.6046662 0.3903206 0.4347681 0.5202938 0.6938312 0.542369 0.4068493 0.7615193 0.9929034 0.9930804 0.9796663 0.7121549 0.4076933 0.3892913 0.8914301 0.7510517 0.7752094 0.7479492 0.3648789 0.4809727 0.6925717 0.6128892 0.7055768 0.7433834 0.7654857 0.3441776 0.005457641 0 0.3761578 0.09090739 0.9255773 0.7754341 0.8911168 0.6452589 0.7357942 1 1 1 1 1 0.9256022 0.6237769 0.8916597 0.7772155 0.629858 0.6419545 0.3257427 0.004857422 0.002914706 0.04641064 0.5140424 0.1202601 0.03019951 0 0.0289145 0 0 0 0.01735789 
0 0 0 0 0 0 0 0 0 0 0 0 0 0 0 0 0 0 0 0 0 0 0 0 0 0 0 0 0 0 0 0 0 0 0 0 0 0 0 0 0 0 0 0 0 0 0 0 0 0 0 0.06286988 0.1316226 0.1955025 0.6819314 0.6055132 0.4700835 0.2285459 0.313491 0.5283361 0.6744432 0.6914343 0.6571525 0.8835663 0.6201805 0.5420952 0.6071898 0.570209 0.2410611 0.8436241 0.7488959 0.892893 0.8389204 0.6206959 0.5109056 0.3519918 0.621572 0.8646021 0.7280433 0.712819 0.86667 0.9210029 0.4349888 0.4482011 0.5757546 0.6440184 0.7222078 0.6442314 0.1701767 0 0 0 0.3518263 0.7422838 0.9061182 0.7900785 0.48504 0 0.1697383 0.8751315 0.978117 0.9857551 0.9829052 0.9847535 0.882081 0.7392689 0.8672352 0.6212649 0.6580737 0.6289959 0.2152089 1.444149e-05 0 0.007461643 0.008198385 0.1832882 0.5743846 0.4829288 0.06287714 0 0 0 0 
0 0 0 0 0 0 0 0 0 0 0 0 0 0 0 0 0 0 0 0 0 0 0 0 0 0 0 0 0 0 0 0 0 0 0 0 0 0 0 0 0 0 0 0 0 0 0 0 0 0.000669903 0.003364665 0 0.01146007 0.07713053 0.5765001 0.4326874 0.3851613 0.3440818 0.3638862 0.5482498 0.437758 0.525046 0.865083 0.663135 0.6462331 0.7347822 0.7498108 0.5470411 0.3087949 0.8889613 0.279175 0.3938464 0.3394375 0.1400411 0 0.1402249 0.3869465 0.8168097 0.6625029 0.6587465 0.6674196 0.6725439 0.6002613 0.3272946 0.6314718 0.6852295 0.7044558 0.3587076 0.07167473 0.2908256 0.1855766 0.3172217 0.4563247 0.4149339 0.4284983 0.5865662 0.8070026 0 0.3061147 0.4703463 0.8048635 0.9758262 0.636929 0.8548808 0.8205091 0.7511365 0.8851745 0.815502 0.8689734 0.6482646 0.6396525 0.4969034 0.3296625 0.0005934068 0.00632181 0.007442375 0 0.3318682 0.2700342 0 0 0 0 
0 0 0 0 0 0 0 0 0 0 0 0 0 0 0 0 0 0 0 0 0 0 0 0 0 0 0 0 0 0 0 0 0 0 0 0 0 0 0 0 0 0 0 0 0 0 0 0 0 0.01452803 0.186815 0 0.03762022 0.1801478 0.1058521 0.3632928 0.1722576 0.3460867 0.3483511 0.1613379 0.2699941 0.1665053 0.812219 0.4621924 0.2991994 0.7264424 0.9015707 0.7083219 0.9083354 1 0.6903515 0.5081307 0.7713708 0.2181265 0 0.4747959 0.5228351 0.7374905 0.620019 0.5982521 0.6824515 0.6513342 0.5317386 0.4330149 0.6663794 0.5528463 0.3617461 0.4650351 0.5681142 0.4271204 0.3960152 0.3845625 0.2214367 0.4767936 0.2739827 0.6036862 0.5997134 0.037498 0.07265711 0.09483103 0.02727626 0.2998218 0.09659065 0.7629243 1 0.8940427 1 0.9899595 0.9266021 0.8028635 0.5611899 0.6628805 0.8363202 0.4654813 0.1342652 0 0 0.02157441 0.07424191 0 0 0 0 
0 0 0 0 0 0 0 0 0 0 0 0 0 0 0 0 0 0 0 0 0 0 0 0 0 0 0 0 0 0 0 0 0 0 0 0 0 0 0 0 0 0 0 0 0 0 0 0 0 0 0.2984569 0.09795335 0.4806651 0.5863625 0.2453354 0.9664543 0.8237907 0.7168542 0.5984594 0.252704 0.2861925 0.617061 0.5950498 0.5473955 0.5366169 0.9678463 1 0.9067581 0.9037429 0.8431609 0.6489299 0.7940556 0.8649836 0.5466766 0.3288679 0.5352068 0.6586542 0.7198181 0.6461464 0.9616238 0.7078568 0.6762329 0.3174767 0.5530636 0.5028305 0.4831884 0.3807333 0.5848739 0.6688094 0.7027479 0.7228342 0.5709505 0.09475085 0.6406622 0.8291742 0.7928684 0.977896 0.918577 0.09731021 0.05072212 0.01097114 0.4203419 0.5408822 0.6525592 0.7343241 0.914556 1 0.9420922 0.8591293 0.9336096 0.6428877 0.6612174 0.6743569 0.5738195 0.5375619 0.507363 0.2317228 0.4491802 0.2919467 0 0.009696943 0.0206253 0.01788928 
0 0 0 0 0 0 0 0 0 0 0 0 0 0 0 0 0 0 0 0 0 0 0 0 0 0 0 0 0 0 0 0 0 0 0 0 0 0 0 0 0 0 0 0 0 0 0 0 0.01713751 0.06091139 0.4422603 0.6763394 0.6295519 0.3592822 0.7585077 0.6065359 0.221489 0.1732124 0.08989406 0.632001 0.002147478 0.04337589 0.1254393 0.7621076 0.9832612 0.9622084 0.8494721 1 0.9973076 0.8771554 0.5695348 0.5996954 0.3071117 0.6835718 0.6075961 0.5882084 0.5795797 0.6027167 0.5993581 0.6577592 0.6717545 0.6270313 0.5606422 0.5917097 0.7159721 0.5079527 0.6579897 0.6946607 0.6476154 0.7807182 0.7583494 0.2686587 0 0.01853023 0.7700427 0.7248903 0.8450342 0.8487922 0.6754686 0.5405076 0.5722616 0.708259 0.6076121 0.602658 0.6670772 0.9160733 0.9510636 0.8674255 0.938274 0.6701616 0.568633 0.5729127 0.6106762 0.6722862 0.7014217 0.6878755 0.0856325 0.5568256 0.02833222 0.02669412 0.01225053 0 0 
0 0 0 0 0 0 0 0 0 0 0 0 0 0 0 0 0 0 0 0 0 0 0 0 0 0 0 0 0 0 0 0 0 0 0 0 0 0 0 0 0 0 0 0 0 0 0 0 0.02516796 0.0009530062 0.5725393 0.6288823 0.8024054 0.3482435 0.0916081 0.3760595 0.2917221 0.01180868 0 0.01359258 0 0 0.1199865 0.8102475 0.2540039 0.08239198 0.2032679 0.9809742 0.9991877 0.817553 0.05024518 0.08786627 0.316476 0.4554874 0.5595064 0.6109693 0.6032063 0.824141 0.6819099 0.6052921 0.5979272 0.5996963 0.6494744 0.2586438 0.3152058 0.3722749 0.5585173 0.6094363 0.7168412 0.6233651 0.5505897 0.00371292 0.02452206 0.6416969 0.4180192 0.8346618 0.8526414 0.5863265 0.3295428 0.5908422 0.6912598 0.5582563 0.5513749 0.5965037 0.9681492 0.72006 0.7046703 0.8111865 0.5808432 0.6242973 0.5516401 0.5884341 0.6969793 0.6065751 0.5952236 0.4960535 0.1293495 0.5238946 0.002202756 0 0 0 0 
0 0 0 0 0 0 0 0 0 0 0 0 0 0 0 0 0 0 0 0 0 0 0 0 0 0 0 0 0 0 0 0 0 0 0 0 0 0 0 0 0 0 0 0 0 0 0 0 0 0 0.1325602 0.09422258 0.2921924 0.1492489 0.1447442 0.4783817 0.07770162 0.2760508 0.09975904 0 0 0 0 0.0122383 0.07196654 0 0.5992149 0.9878485 0.9896357 0.7510973 0.08100645 0.05277315 0.0281256 0.3454661 0.195125 0.3299172 0.7194428 0.997873 0.9211798 0.5844787 0.6500265 0.6053458 0.1887523 0.008839214 0.08077145 0.001385695 0.2169337 0.5358506 0.6274903 0.5785685 0.1315614 0.004114302 0.6382197 0.4847386 0 0.4773428 0.8338146 0.6965772 0.6174774 0.7152259 0.8432936 0.7009447 0.5904098 0.717478 0.9614989 0.5479636 0.3803828 0.5558461 0.6393362 0.7272758 0.6796151 0.627688 0.7669721 0.8325174 0.8183573 0.3460218 0 0.04347018 0.03346407 0 0 0 0 
0 0 0 0 0 0 0 0 0 0 0 0 0 0 0 0 0 0 0 0 0 0 0 0 0 0 0 0 0 0 0 0 0 0 0 0 0 0 0 0 0 0 0 0 0 0 0 0 0 0 0.004735895 0.001774554 0.07460845 0.1230759 0.05273703 0.1265383 0 0 0.2071389 0.09450634 0 0 0 0 0.1151907 0.2479054 0.7723492 0.942256 0.9855942 1 0.8764802 0.4632089 0.06854612 0.07666134 0 0 0.2549165 0.6869112 0.5345406 0.6207815 0.4365536 0.06471591 0 0 0 0.03785011 0.03633911 0.01695379 0.07346085 0.2160746 0.5101383 0.468834 0.6786382 0.002922296 0.01277236 0.6485217 0.8599772 0.7541159 0.6971767 0.5174024 0.688731 0.5944064 0.5129447 0.5064653 0.2793531 0.5307206 0.6326954 0.6462159 0.515743 0.6015057 0.7906139 0.5892887 0.5642042 0.7788546 0.5884078 0.007679448 0.1085966 0.04713491 0.02485508 0 0 0 0 
0 0 0 0 0 0 0 0 0 0 0 0 0 0 0 0 0 0 0 0 0 0 0 0 0 0 0 0 0 0 0 0 0 0 0 0 0 0 0 0 0 0 0 0 0 0 0 0 0 0 0 0.03954281 0.1424489 0 0 0 0 0 0 0.01315415 0.07535566 0.002842869 0 0 0 0 0 0.4857621 0.4546158 0.5512136 0.6681257 0.7385418 0.06699515 0 0 0 0.005539216 0.3391695 0.1453502 0.2503896 0.007752346 0 0 0 0 0 0 0.0230565 0.04440166 0.312304 0.4988703 0.7225398 0.04051068 0.03426032 0.4210034 0.9774605 0.9582719 0.9029448 0.8009894 0.4472675 0.4886474 0.5009409 0.5165381 0.09526238 0.25768 0.438173 0.6026787 0.3098105 0.005426051 0.1688043 0.4555813 0.620193 0.641764 0.6967034 0.2112976 0 0.05167246 0.03941743 0.0131564 0.02417488 0 0 0 
